87.86368,100.6094
87.0331,99.92106
86.3092,99.18954
85.38718,98.32086
84.52866,97.4471
83.56092,96.66732
82.65668,95.77832
81.81086,94.84106
80.76692,93.91396
79.64678,93.11132
78.75524,92.27058
77.78496,91.34094
76.82738,90.50528
75.82154,89.76868
75.12812,89.02192
74.22642,88.23706
73.39584,87.5665
72.56526,87.03818
72.10806,86.50732
71.26224,85.9409
70.55104,85.53958
70.05574,85.25256
69.6849,84.9884
69.2404,84.71154
68.78574,84.59978
68.5419,84.61248
68.34378,84.66074
68.19392,84.66582
67.92214,84.82838
68.0339,85.12556
68.19138,85.38718
68.2879,85.64626
68.38696,86.00694
68.61556,86.45652
69.0753,87.08898
69.43344,87.65032
69.75602,88.30818
70.28434,89.0651
71.03364,89.76106
71.64324,90.38844
72.35698,91.14282
73.00214,91.98356
73.90384,92.74048
74.59726,93.51264
75.45832,94.31782
76.28636,95.21952
77.28712,96.08058
78.00594,96.79178
78.98892,97.59442
79.86268,98.43516
80.8355,99.23018
81.71434,99.8855
82.57794,100.57384
83.46948,101.34346
84.49818,101.981
85.18398,102.5271
85.96884,103.07574
86.7029,103.63454
87.5665,104.06888
88.08212,104.394
88.66632,104.73436
89.14892,105.06964
89.65438,105.35666
89.9287,105.43032
90.27668,105.54208
90.45194,105.61828
90.70086,105.63352
90.56116,105.47858
90.44686,105.3338
90.34272,105.20426
90.25636,104.95788
89.9668,104.60482
89.58834,104.24414
89.33942,103.87584
88.9762,103.34498
88.4301,102.63378
87.70112,101.92766
86.8299,101.3079
86.05266,100.61702
85.31352,99.79152
84.39658,98.98634
83.58886,98.19894
82.81416,97.36074
81.81848,96.4057
80.97012,95.50146
80.07096,94.68358
79.16418,93.79204
78.17104,92.79636
77.17536,91.89974
76.30414,91.10726
75.53706,90.2716
74.65822,89.41054
73.78446,88.61806
72.98436,87.9729
72.33158,87.29472
71.55434,86.59876
70.9676,86.01202
70.24878,85.59546
69.91604,85.14842
69.36232,84.69376
68.93306,84.36102
68.69176,84.1756
68.53174,83.99526
68.16598,83.8454
68.072,83.81238
68.15328,83.93684
68.2498,84.06638
68.2752,84.17814
68.40728,84.40928
68.62826,84.7471
68.95592,85.09254
69.22262,85.41258
69.5706,85.86216
70.06082,86.53526
70.83044,87.20836
71.44766,87.8078
72.0344,88.47582
72.77862,89.2429
73.55586,89.9287
74.3712,90.59672
75.12812,91.37396
75.95362,92.19692
76.98232,92.9513
77.79258,93.73108
78.5241,94.4753
79.51724,95.35414
80.55102,96.09074
81.3435,96.8121
82.27314,97.59696
83.19516,98.30054
84.16544,99.03206
84.94014,99.63912
85.73008,100.2284
86.52256,100.88118
87.32012,101.41204
87.76716,101.85146
88.38184,102.32136
88.80094,102.78618
89.26576,103.16464
89.54008,103.39324
89.8144,103.61676
89.86266,103.92156
90.043,104.02316
90.0303,104.02824
89.9541,104.0638
89.79916,104.08158
89.73058,103.99014
89.37752,103.80472
89.00668,103.5939
88.68156,103.4034
88.36152,103.11384
87.7951,102.75824
86.94928,102.3112
86.21776,101.77272
85.55736,101.20122
84.71916,100.5078
83.79968,99.83724
82.89544,99.25304
82.2706,98.53676
81.31302,97.7519
80.3275,97.0153
79.43596,96.28124
78.7146,95.4659
77.80274,94.60484
76.82992,93.79712
75.8698,93.06052
75.1459,92.23756
74.26706,91.40444
73.47712,90.6272
72.66686,89.94394
71.91502,89.22512
71.33336,88.50376
70.70344,87.90178
70.17258,87.3633
69.59346,86.84006
69.09308,86.29142
68.70192,85.852
68.3387,85.56752
68.16598,85.30336
67.87896,85.04936
67.6656,84.8741
67.56146,84.86648
67.64782,84.88934
67.63512,84.88934
67.63258,84.99602
67.85864,85.27542
68.10248,85.51418
68.3641,85.70976
68.72732,86.0552
69.0626,86.48192
69.68236,86.98992
70.14718,87.53348
70.70852,88.19896
71.36892,88.8873
72.12076,89.5223
72.76338,90.12174
73.47458,90.79484
74.23404,91.61018
75.03668,92.34678
75.81138,93.0656
76.64958,93.8022
77.48778,94.62516
78.4098,95.4405
79.33944,96.1009
79.98206,96.85274
80.93202,97.68078
81.94294,98.38182
82.63636,98.98634
83.33994,99.57308
84.09432,100.28428
84.91982,100.88372
85.45068,101.33584
86.04504,101.80828
86.5632,102.2985
87.11438,102.68966
87.53348,102.96906
87.72144,103.25608
87.89924,103.5304
88.16594,103.70566
88.21928,103.78186
88.18626,103.79964
88.1253,103.86822
88.011,103.83266
87.75192,103.62692
87.46236,103.4796
87.11184,103.27894
86.81466,103.04272
86.26094,102.71252
85.69706,102.33152
84.9249,101.85908
84.23402,101.31552
83.54568,100.6221
82.72272,99.9998
81.89976,99.39528
81.12506,98.77044
80.31988,98.00844
79.4512,97.28454
78.5495,96.57588
77.78242,95.84944
76.84008,95.01378
76.04252,94.20098
75.11796,93.48978
74.3585,92.76334
73.5838,91.95054
72.74052,91.16568
71.96074,90.53322
71.32828,89.8271
70.61962,89.12098
70.0532,88.49868
69.39788,88.011
68.90512,87.49792
68.23964,86.93912
67.84086,86.5251
67.39128,86.25332
67.21348,85.98408
66.89598,85.71992
66.675,85.56498
66.55816,85.54466
66.4845,85.57006
66.548,85.59038
66.49212,85.71992
66.67246,85.95106
66.90106,86.21522
67.02298,86.46414
67.2973,86.78418
67.66052,87.20582
68.0212,87.7443
68.48094,88.28024
69.08292,88.92286
69.68236,89.65184
70.41134,90.31224
71.00062,90.92438
71.7169,91.66606
72.43318,92.456
73.22058,93.22308
74.0156,93.91904
74.71156,94.63786
75.6285,95.49638
76.63434,96.25584
77.23632,96.94926
78.19136,97.68332
79.1591,98.4504
80.0608,99.10318
80.9752,99.73056
81.8261,100.30968
82.6516,100.9904
83.64982,101.56444
84.27212,101.981
84.96808,102.4001
85.74024,102.8192
86.5886,103.16972
87.03564,103.34752
87.48014,103.5812
88.01354,103.76154
88.55456,103.85044
88.74506,103.8225
88.99652,103.78186
89.23274,103.72852
89.35212,103.57866
89.31656,103.34244
89.32164,103.06304
89.2429,102.78872
89.05494,102.47122
88.7603,101.98608
88.392,101.32314
88.0618,100.72624
87.75954,100.13188
87.23376,99.42576
86.64702,98.74504
85.91296,98.11004
85.30844,97.39376
84.55914,96.60128
83.74126,95.7834
82.92084,95.06712
82.22488,94.32544
81.28,93.47454
80.40624,92.66682
79.62646,91.95562
78.82382,91.20886
77.9145,90.41892
77.10424,89.67724
76.29144,89.08288
75.54214,88.46312
74.72172,87.80018
73.99782,87.26424
73.2409,86.80196
72.76592,86.3219
72.11568,85.84438
71.46544,85.45322
70.94982,85.20938
70.61708,84.96554
70.2056,84.68106
69.89572,84.54136
69.6341,84.53882
69.48678,84.54644
69.36486,84.50072
69.3674,84.59978
69.27342,84.80806
69.48424,85.0265
69.54774,85.18398
69.80428,85.4329
70.03288,85.82152
70.31736,86.22792
70.68566,86.6902
71.05142,87.24646
71.6153,87.88146
72.31634,88.50122
72.99452,89.04986
73.62698,89.6747
74.27722,90.44178
75.02144,91.1733
75.7809,91.84894
76.4794,92.58046
77.2541,93.39834
78.26248,94.1832
78.9305,94.89186
79.7687,95.64624
80.57896,96.46158
81.53654,97.23628
82.26044,97.88906
83.15198,98.5901
83.91652,99.33178
84.73948,99.96678
85.37702,100.52812
85.95614,101.08692
86.54796,101.6635
87.18804,102.1588
87.67064,102.54996
88.09482,102.96652
88.44534,103.36276
88.75776,103.66756
88.97112,103.8225
89.04224,104.02062
89.08796,104.21366
89.25814,104.267
89.17178,104.19842
88.9762,104.12222
88.7603,104.05618
88.57488,103.86568
88.2015,103.57104
87.91448,103.26624
87.43188,102.96906
86.9696,102.61854
86.16696,101.96322
85.41512,101.30536
84.66328,100.7237
84.12734,100.09378
83.18754,99.31908
82.28838,98.58248
81.53146,97.92462
80.71104,97.13214
79.7052,96.29648
78.83398,95.4786
77.9272,94.73438
77.14488,93.94444
76.14412,93.06814
75.24496,92.29598
74.3585,91.56446
73.55078,90.81008
72.73036,90.03284
71.89978,89.3699
71.21906,88.79586
70.46468,88.26246
69.76618,87.63762
69.10324,87.17788
68.60286,86.82736
68.19392,86.49716
67.70878,86.16188
67.29222,85.95614
67.00266,85.88502
66.85788,85.84946
66.63436,85.77326
66.35496,85.84946
66.38798,86.04758
66.53784,86.26348
66.5353,86.45144
66.6496,86.72068
66.89598,87.122
67.27444,87.50808
67.55638,87.97036
67.86372,88.56726
68.28536,89.31656
68.9864,89.93886
69.59346,90.53322
70.25132,91.17076
70.98792,91.9988
71.91502,92.72778
72.54748,93.40596
73.17486,94.1705
73.94956,95.01124
75.10272,95.8215
75.87488,96.52
76.5683,97.27692
77.57668,98.12274
78.54188,98.87204
79.30896,99.53498
80.19796,100.24364
81.03616,100.98532
81.98612,101.62794
82.74304,102.19182
83.59394,102.7938
84.27212,103.4034
85.04174,103.89362
85.71738,104.29494
86.46668,104.6861
86.87562,105.11028
87.45728,105.4481
87.72906,105.60304
88.17356,105.74782
88.35136,105.96372
88.69426,105.98658
88.71204,105.91546
88.73236,105.8672
88.68918,105.82402
88.59774,105.6513
88.33358,105.36936
88.00084,105.0925
87.66556,104.8131
87.4141,104.46766
86.9696,103.88346
86.33714,103.27386
85.65388,102.67442
85.00872,102.03942
84.10956,101.26726
83.38058,100.56114
82.59064,99.81946
81.86166,99.07016
81.00568,98.1837
80.15986,97.29216
79.27594,96.50984
78.4987,95.68688
77.61224,94.74454
76.71562,93.84792
75.80376,93.03004
75.13828,92.17406
74.16038,91.25712
73.39838,90.45448
72.71766,89.7128
72.02678,88.95588
71.30542,88.22436
70.69582,87.53348
70.10146,86.99754
69.596,86.42858
69.02196,85.85708
68.64096,85.3948
68.28282,85.08492
68.06438,84.76488
67.6656,84.4677
67.52082,84.2899
67.3481,84.30006
67.48526,84.29498
67.4751,84.2772
67.45986,84.40928
67.64274,84.68868
67.89674,84.95538
68.06438,85.18144
68.27012,85.52434
68.62826,85.98662
69.07784,86.51748
69.63664,87.10422
70.16242,87.80526
70.79488,88.5317
71.53402,89.2556
72.18172,89.8906
72.84466,90.67546
73.52284,91.49588
74.3458,92.3036
75.02906,93.04782
75.79106,93.87586
76.58354,94.7674
77.53858,95.61322
78.15834,96.3168
79.00416,97.10166
79.86776,97.917
80.76438,98.73488
81.57464,99.33432
82.39506,100.03282
83.15198,100.70846
84.10702,101.29012
84.6582,101.80066
85.45576,102.25786
86.15934,102.7811
86.88324,103.15448
87.37346,103.42626
88.11514,103.73106
88.59012,104.01808
89.14384,104.1908
89.4207,104.21874
89.87536,104.23906
89.94902,104.26192
90.35288,104.15778
90.42654,103.9241
90.5383,103.7209
90.46718,103.505
90.3732,103.23322
90.19794,102.82682
90.04554,102.38994
89.84488,101.87686
89.55278,101.27488
89.18956,100.55352
88.5698,99.9109
88.05926,99.27844
87.51316,98.57994
86.74354,97.77476
85.96122,97.028
85.23224,96.3295
84.67598,95.5548
83.82,94.69882
83.01228,93.92666
82.10296,93.20276
81.36636,92.4179
80.42148,91.567
79.41564,90.82278
78.62824,90.16746
77.79766,89.46642
76.97724,88.7603
76.01204,88.11514
75.17892,87.59698
74.46772,87.08136
73.46188,86.52764
72.71004,86.08314
72.09536,85.7758
71.45528,85.4456
70.75932,85.10778
70.28688,84.88426
69.69252,84.81568
69.26326,84.7217
68.8086,84.6201
68.5292,84.62518
68.06946,84.75726
67.95008,84.87664
67.7545,85.00364
67.66052,85.22208
67.66052,85.5091
67.69608,85.82914
67.8053,86.1314
67.90944,86.56828
68.19392,87.18296
68.51904,87.78748
68.78574,88.31834
69.09054,88.92032
69.46138,89.64676
70.17004,90.33256
70.65772,91.0082
71.35622,91.73718
72.01154,92.55506
72.89292,93.37548
73.50252,94.0689
74.09942,94.86392
74.9935,95.7199
75.92314,96.4692
76.71308,97.17532
77.46238,97.89922
78.36408,98.7171
79.34452,99.4283
80.19796,100.07854
81.17078,100.7618
81.95564,101.40442
82.7913,102.03942
83.5406,102.54234
84.17306,103.02494
84.88426,103.60914
85.5726,104.0511
86.17458,104.32796
86.52764,104.64546
86.99246,104.98582
87.39378,105.22712
87.67572,105.33634
87.89416,105.48112
87.96782,105.57256
88.2269,105.55224
88.21928,105.40746
88.23706,105.30078
88.06434,105.20934
87.93988,105.0163
87.6808,104.71404
87.40902,104.40416
87.01024,104.1019
86.62162,103.68026
86.05012,103.0605
85.36178,102.4382
84.5058,101.91242
83.80222,101.2825
82.9945,100.53828
82.11058,99.822
81.29016,99.13112
80.50276,98.38436
79.39786,97.54108
78.56728,96.70034
77.61224,95.92564
76.7715,95.14332
75.68184,94.25686
74.74712,93.41358
73.79462,92.69222
72.96658,91.87942
72.01662,91.03614
71.18858,90.28176
70.45198,89.60358
69.85,88.94318
69.08546,88.20658
68.38696,87.60714
67.76212,87.1093
67.42684,86.59876
66.8909,86.10092
66.46164,85.66404
66.08064,85.39988
66.03746,85.1281
65.83426,84.83092
65.64122,84.65058
65.6082,84.63026
65.6971,84.64296
65.8622,84.60994
66.10096,84.68614
66.34226,84.89442
66.58102,85.11286
66.89598,85.3186
67.28714,85.60816
67.58432,85.99678
68.40982,86.42858
69.01688,86.89086
69.72554,87.53856
70.55104,88.2396
71.32574,88.82888
72.10806,89.44864
72.70242,90.14968
73.57872,90.89644
74.51598,91.67622
75.23226,92.3798
76.11364,93.13926
77.09408,93.98508
78.16342,94.84614
78.89748,95.57766
79.7814,96.35236
80.71358,97.17532
81.66862,97.9424
82.56778,98.61042
83.47202,99.33178
84.27212,100.1141
85.04936,100.78466
85.70722,101.3333
86.2838,101.91496
87.1474,102.5398
87.91194,103.05796
88.44534,103.48976
88.90762,103.92156
89.18702,104.3559
89.78138,104.70642
89.91854,104.902
90.00744,105.17378
90.27922,105.3846
90.42908,105.5243
90.17,105.51922
89.97696,105.50906
89.7763,105.52176
89.60612,105.41762
89.24798,105.1687
88.83904,104.94518
88.43772,104.7623
87.97798,104.46512
87.23884,104.05618
86.33968,103.51516
85.38718,102.9716
84.7598,102.33152
83.7692,101.66096
82.96656,100.99548
82.12328,100.3427
81.22666,99.61372
80.28178,98.78314
79.18196,97.9805
78.32598,97.22866
77.4319,96.41078
76.42352,95.48368
75.35164,94.63786
74.54646,93.84284
73.5965,92.97416
72.55002,92.04452
71.69912,91.17076
70.83044,90.41384
70.13448,89.62136
69.24548,88.78824
68.46316,88.05164
67.83832,87.4395
67.29984,86.75878
66.58356,86.1187
66.04508,85.55736
65.70726,85.1281
65.278,84.67852
64.86652,84.25688
64.62522,83.93176
64.29502,83.7692
64.30772,83.62188
64.23406,83.46948
64.13754,83.42122
64.21628,83.56346
64.51346,83.69554
64.64046,83.77936
64.8589,83.9978
65.11036,84.33308
65.5828,84.67598
66.01968,85.0138
66.46418,85.4456
67.13474,86.12124
67.87388,86.79942
68.58508,87.40648
69.16674,88.09736
70.03034,88.8746
70.88632,89.6493
71.54418,90.32748
72.26808,91.10472
73.14692,92.00134
74.13752,92.837
74.89444,93.61424
75.82662,94.48038
76.57338,95.43288
77.63002,96.26346
78.46568,97.03308
79.29372,97.85604
80.3275,98.74504
81.28508,99.54514
81.93532,100.23602
82.74558,100.94976
83.52028,101.68128
84.3915,102.36454
85.0138,102.92334
85.6615,103.46436
86.1695,104.09936
86.7537,104.5972
87.16264,104.98074
87.53348,105.41762
87.91702,105.75544
88.15832,106.06786
88.20404,106.20756
88.38946,106.34726
88.46058,106.44632
88.44534,106.46156
88.24214,106.33964
88.12276,106.20248
87.88654,106.06278
87.67826,105.78084
87.29472,105.41762
86.88832,105.03916
86.3727,104.64546
85.8012,104.11714
85.09508,103.33736
84.22386,102.6287
83.53298,101.93274
82.83702,101.2063
81.95818,100.29698
81.08696,99.47148
80.264,98.6409
79.44866,97.76206
78.53172,96.76892
77.57414,95.79356
76.68006,94.87916
75.91298,93.96984
74.90714,92.89034
74.11466,91.91752
73.08596,91.04122
72.41286,90.11412
71.44512,89.1286
70.58914,88.2269
69.8627,87.44712
69.18198,86.62416
68.50888,85.7758
67.71132,85.1535
67.1068,84.5439
66.7385,83.98256
66.15938,83.37804
65.71742,82.92338
65.30848,82.62366
64.96304,82.31378
64.6811,81.98612
64.65316,81.8134
64.43726,81.79816
64.5541,81.83118
64.43726,81.82356
64.53632,81.93532
64.65062,82.19948
64.90208,82.4484
65.18148,82.7151
65.41008,83.07578
65.76568,83.51266
66.25082,84.04352
66.81216,84.63026
67.25666,85.32368
67.945,86.0806
68.69684,86.8172
69.3039,87.46744
69.99986,88.25738
70.73646,89.12352
71.5772,89.96172
72.35698,90.74912
73.12406,91.62796
73.85304,92.57538
74.75728,93.44406
75.41514,94.28734
76.25588,95.16618
77.14742,96.08566
78.05928,96.93402
78.6892,97.69856
79.5401,98.5012
80.37576,99.30892
81.19618,100.0252
81.88452,100.66528
82.56524,101.34092
83.2231,102.03434
83.8327,102.55758
84.29498,103.04526
84.7598,103.52278
85.17636,104.06888
85.54974,104.47274
85.78596,104.8004
85.8393,105.0798
85.96376,105.41508
86.18982,105.664
85.98916,105.74782
85.83168,105.8545
85.62086,106.00944
85.48878,105.97134
85.06714,105.85704
84.73948,105.71226
84.26196,105.60558
83.8327,105.38206
83.0707,105.07218
82.27314,104.7496
81.534,104.4194
81.0768,103.90124
80.08874,103.21036
79.27848,102.53218
78.4352,101.97592
77.6732,101.25964
76.78928,100.48748
75.72756,99.69754
75.00874,98.9711
74.21626,98.09734
73.30948,97.13214
72.39762,96.25838
71.43496,95.41002
70.74916,94.53372
69.89318,93.51518
69.02196,92.62364
68.3133,91.76004
67.7164,90.88628
66.87312,89.95156
66.08826,89.0905
65.62852,88.35898
65.23228,87.60968
64.55664,86.80958
64.2112,86.09584
63.90894,85.55228
63.68034,85.0011
63.38316,84.43976
63.1571,84.00542
63.13932,83.76412
63.21806,83.53044
63.23584,83.312
63.29934,83.24596
63.42126,83.3247
63.81242,83.39328
64.0461,83.49488
64.31788,83.71332
64.69126,84.05368
65.24752,84.4169
65.83172,84.79028
66.42862,85.23224
67.09156,85.95868
67.82816,86.73846
68.3641,87.44712
68.9864,88.2269
69.72554,89.12352
70.57644,90.03538
71.1835,90.85072
71.92518,91.77274
72.7964,92.81414
73.8124,93.77172
74.42454,94.6912
75.2983,95.67672
76.08824,96.72574
77.01534,97.76968
77.7367,98.71456
78.49362,99.62642
79.25816,100.67036
80.14208,101.58984
80.8101,102.43312
81.41716,103.28148
81.99882,104.13238
82.80654,104.88422
83.20532,105.51414
83.71586,106.13136
84.14004,106.7435
84.67852,107.24134
84.79282,107.59694
85.00364,107.9373
85.13064,108.20908
85.23732,108.36148
85.26526,108.41482
85.04936,108.35894
84.95284,108.32592
84.84108,108.1532
84.47786,107.85856
84.07654,107.52582
83.62442,107.19054
83.29168,106.76128
82.7151,106.2228
81.98104,105.41254
81.19872,104.66578
80.54848,103.7971
79.82458,102.90556
79.0067,101.99878
78.25232,101.1428
77.4065,100.18268
76.54036,99.11334
75.64628,98.06178
74.80808,97.05848
74.12736,95.9866
73.22312,94.82582
72.30364,93.74886
71.54926,92.71254
70.88632,91.6813
70.04558,90.5637
69.22008,89.5858
68.6181,88.74506
67.8942,87.85606
67.28206,86.93658
66.63944,86.17966
66.14922,85.5091
65.83172,84.90966
65.32372,84.24672
64.88684,83.79206
64.62014,83.47202
64.48806,83.19262
64.35852,82.9183
64.14008,82.8167
64.16802,82.8421
64.31026,82.92338
64.3001,83.01228
64.4906,83.21802
64.79794,83.56092
65.1002,83.91906
65.31864,84.30006
65.66662,84.76234
66.04,85.40496
66.78676,86.16696
67.31508,86.90864
67.82562,87.68334
68.46316,88.56218
69.13118,89.39022
69.80682,90.21826
70.45706,91.1098
71.1962,92.05722
72.06742,93.00464
72.76846,93.91904
73.4314,94.85122
74.28992,95.84944
75.16114,96.7994
75.96124,97.6503
76.67498,98.54438
77.63002,99.45878
78.4987,100.32492
79.16164,101.10724
80.01762,101.92004
80.81518,102.73792
81.51622,103.44912
82.2452,104.06126
82.87004,104.71658
83.45932,105.31856
84.11464,105.89006
84.52866,106.27868
84.92998,106.64952
85.34908,107.10418
85.74278,107.41152
85.93582,107.54614
86.11108,107.7087
86.06536,107.83062
86.37524,107.85856
86.18474,107.7722
86.0679,107.6325
85.9155,107.47756
85.70976,107.21848
85.4583,106.8324
85.02904,106.40822
84.57438,106.00944
84.2264,105.44302
83.57362,104.63276
82.90306,103.85552
82.14106,103.16718
81.47304,102.43058
80.6831,101.4984
79.94396,100.61702
79.15402,99.7585
78.46822,98.81616
77.4827,97.80016
76.57592,96.8121
75.7428,95.88246
75.01382,94.92234
74.1045,93.85808
73.14438,92.8497
72.26046,91.97848
71.50862,91.0463
70.58914,90.06332
69.70522,89.2302
69.0118,88.4682
68.42506,87.72144
67.62496,86.9696
67.02806,86.34984
66.32194,85.86978
65.84696,85.39988
65.36436,84.95792
64.93256,84.63788
64.5795,84.46008
64.34074,84.33054
64.12738,84.22386
64.0334,84.24926
63.9318,84.44484
63.97244,84.64296
63.93434,84.83854
63.99784,85.17636
64.21882,85.63102
64.53886,86.08568
64.75984,86.56828
65.06464,87.2617
65.4812,88.14562
65.97904,88.99652
66.41084,89.75852
67.15252,90.5764
67.70878,91.53906
68.6054,92.4941
69.18198,93.3704
69.94652,94.3356
70.70598,95.34398
71.57974,96.393
72.24522,97.2693
72.99706,98.28022
74.01814,99.2632
74.92238,100.21824
75.57008,101.07422
76.34224,101.97084
77.27696,102.90048
78.30058,103.7209
79.0448,104.39654
79.77632,105.11028
80.61706,105.83672
81.34604,106.47426
81.95564,107.00766
82.53476,107.51566
83.02752,107.97794
83.73872,108.3437
84.10194,108.57992
84.38896,108.75264
84.69376,108.9787
84.99348,109.08792
85.0138,109.0422
85.14334,108.97616
85.13318,108.90504
85.16874,108.74248
84.97062,108.46308
84.71662,108.16336
84.48802,107.85348
84.18068,107.46994
83.74634,106.86034
83.31708,106.16438
82.71002,105.55224
82.03438,104.80548
81.24952,104.03586
80.66024,103.21036
79.94142,102.45598
79.40548,101.58222
78.47584,100.56876
77.597,99.62642
76.76134,98.7425
76.02728,97.68078
75.17384,96.6851
74.25944,95.63354
73.4695,94.69882
72.74306,93.68028
71.7169,92.5957
71.0184,91.60764
70.20814,90.74912
69.52996,89.83218
68.67906,88.90254
68.09486,88.09482
67.49034,87.37854
66.9417,86.68258
66.30416,85.93836
65.85458,85.3313
65.41262,84.9249
65.11798,84.48548
64.8716,84.05368
64.64554,83.76412
64.42964,83.66506
64.34582,83.57108
64.3763,83.46186
64.34836,83.52282
64.5033,83.71586
64.7827,83.90636
64.98336,84.11972
65.25006,84.4042
65.4558,84.84108
65.913,85.29066
66.34226,85.75802
66.81216,86.4489
67.51828,87.2236
68.22948,88.011
68.7324,88.68664
69.27088,89.43848
69.9643,90.35542
70.89648,91.18854
71.3613,91.95308
72.26808,92.87002
72.98182,93.84792
73.78192,94.74962
74.63282,95.56496
75.24242,96.46158
76.05014,97.3836
77.02042,98.25228
77.63256,99.01428
78.17866,99.76866
78.8797,100.61448
79.85252,101.32314
80.391,101.96322
81.0514,102.60584
81.5467,103.2637
82.0547,103.86822
82.5754,104.25176
82.83448,104.71912
83.29422,105.11536
83.70824,105.49128
83.95208,105.72496
84.18068,105.89514
84.44992,106.12374
84.5693,106.20756
84.5058,106.16692
84.43468,106.11358
84.29498,106.07548
84.26958,105.94594
84.12734,105.664
83.77682,105.40492
83.42376,105.09504
83.1088,104.73182
82.73288,104.16032
82.0928,103.45166
81.45272,102.86238
80.90154,102.1461
80.10144,101.34854
79.42326,100.60686
78.7146,99.84486
78.03896,99.00158
77.17282,98.05162
76.40066,97.13976
75.58278,96.30664
74.93254,95.3897
74.14006,94.3991
73.16216,93.4339
72.33412,92.57538
71.68642,91.70162
70.86346,90.72626
70.14972,89.88298
69.43852,89.13368
68.75272,88.3793
68.0593,87.55888
67.34556,86.87308
66.87058,86.30412
66.421,85.75548
65.82918,85.19414
65.35674,84.74964
65.0113,84.48294
64.71158,84.2137
64.38138,83.96732
64.17564,83.83524
64.05118,83.86572
64.11976,83.88604
63.99276,83.91398
63.95212,84.06892
64.03086,84.32546
64.21374,84.6328
64.4398,84.91474
64.66078,85.31098
64.91732,85.80882
65.29324,86.44382
65.7352,87.11692
66.17716,87.77986
66.73596,88.57234
67.48018,89.3318
67.91706,89.99982
68.54952,90.77452
69.19214,91.67876
69.87286,92.52204
70.45706,93.26626
71.14794,94.1324
71.71436,95.07728
72.644,95.9231
73.35012,96.72066
73.90892,97.57156
74.676,98.43516
75.49388,99.2378
76.02474,99.93122
76.8477,100.6094
77.53096,101.37394
78.34376,102.02418
78.74254,102.57536
79.4385,103.14432
79.92872,103.66502
80.62976,104.16032
81.1276,104.43718
81.54162,104.79024
81.95056,105.1306
82.423,105.36682
82.60334,105.45826
82.9056,105.5497
83.01482,105.6259
83.30946,105.61066
83.27136,105.44556
83.16468,105.3084
83.16214,105.16362
83.1469,104.90962
82.9945,104.5337
82.78114,104.16032
82.47634,103.79456
82.23758,103.22052
81.85658,102.46106
81.2419,101.7778
80.67294,101.1428
80.12938,100.42906
79.39786,99.57816
78.7273,98.80346
77.95006,98.04654
77.25664,97.1931
76.47432,96.2533
75.65898,95.38462
74.94016,94.55404
74.14006,93.69044
73.35012,92.7481
72.42302,91.8718
71.51624,91.10726
70.8533,90.297
69.97954,89.4588
69.15404,88.7095
68.5038,88.0999
67.92976,87.48268
67.0941,86.81212
66.51752,86.32444
66.06032,85.94344
65.60312,85.52942
65.2145,85.11794
64.76746,84.8995
64.44488,84.76996
64.24168,84.67344
63.98006,84.58454
63.9064,84.61756
63.90132,84.7979
63.99022,84.97062
64.08928,85.12556
64.21628,85.3821
64.43218,85.75548
64.82334,86.1314
65.09512,86.5251
65.42786,87.0839
65.7098,87.7951
66.421,88.4428
67.09918,89.0778
67.60718,89.7636
68.26504,90.53576
69.04736,91.30284
69.59854,92.00896
70.358,92.80652
71.06412,93.67774
71.93788,94.53118
72.59828,95.28302
73.30948,96.14662
74.12736,97.0153
74.94016,97.88398
75.67422,98.5901
76.49464,99.38766
77.26426,100.24364
78.16596,100.96754
78.79588,101.60508
79.45882,102.27818
80.05572,103.01986
80.89138,103.57612
81.38668,104.04348
81.94294,104.54894
82.5246,105.02138
83.06562,105.41762
83.39582,105.67416
83.69808,105.90276
84.02828,106.16184
84.33562,106.30662
84.52866,106.31424
84.53374,106.34726
84.62772,106.33456
84.7217,106.22788
84.5693,106.03484
84.50326,105.81894
84.22132,105.6132
84.00796,105.30332
83.67014,104.88422
83.33486,104.3813
82.86242,103.8606
82.25536,103.20528
81.53146,102.489
80.772,101.82098
80.10398,101.15042
79.49946,100.41382
78.67142,99.5553
77.91958,98.71964
77.06106,97.9424
76.37018,97.0788
75.438,96.1517
74.60488,95.25508
73.78446,94.43212
73.07072,93.57106
72.07758,92.6211
71.36638,91.7321
70.4723,91.00312
69.80682,90.22334
68.91274,89.3826
68.15328,88.63584
67.55384,87.99068
67.056,87.36584
66.3702,86.69528
65.77584,86.1568
65.25514,85.76056
65.0113,85.33638
64.64046,84.9249
64.34582,84.6201
64.0588,84.48802
64.08674,84.35594
63.9191,84.22894
63.7286,84.22894
64.00292,84.36356
64.1731,84.5185
64.23406,84.69376
64.46012,84.94014
64.69888,85.32368
65.06718,85.7377
65.44564,86.10854
65.80378,86.67242
66.4083,87.3887
67.15506,88.10752
67.81546,88.72728
68.26758,89.4588
69.00164,90.2335
69.7484,91.03868
70.30974,91.7702
71.08698,92.58554
71.68896,93.48216
72.62368,94.34322
73.3171,95.1357
74.06894,95.9739
74.803,96.84766
75.63866,97.68586
76.4413,98.40468
77.16012,99.15906
77.98562,99.99218
78.7654,100.69322
79.35468,101.35108
80.09382,101.97846
80.82026,102.63378
81.55178,103.21544
82.1563,103.69296
82.7659,104.18318
83.34756,104.65816
83.947,105.0163
84.36864,105.30586
84.72424,105.5497
85.08492,105.86466
85.43036,106.02722
85.54212,106.04246
85.75548,106.03992
85.852,106.06278
85.85454,105.96372
85.65134,105.78846
85.60308,105.60812
85.38972,105.39222
85.26272,105.1052
84.97316,104.73436
84.52612,104.25684
84.17814,103.67518
83.73618,103.0986
83.12404,102.4001
82.40776,101.72192
81.7118,101.10978
80.99298,100.41128
80.29448,99.5553
79.45374,98.71202
78.68158,97.91446
77.89418,97.10928
76.98994,96.15932
76.11872,95.30334
75.18908,94.49562
74.43724,93.64218
73.4441,92.70492
72.5551,91.84894
71.73214,91.10218
71.0311,90.3097
70.19798,89.46134
69.38772,88.7603
68.67906,88.13292
68.04152,87.4903
67.50304,86.84514
66.89598,86.30412
66.43878,85.92312
66.06286,85.52688
65.75552,85.09762
65.3415,84.84616
65.07988,84.73948
65.09512,84.6201
64.94272,84.51088
64.97828,84.5058
65.01638,84.68614
65.28054,84.8487
65.4431,85.0138
65.6844,85.29828
65.89522,85.67166
66.294,86.06282
66.73596,86.44636
67.04838,87.02294
67.67068,87.75954
68.36156,88.4936
68.91782,89.10828
69.55282,89.84234
70.22084,90.68562
70.91934,91.45524
71.61022,92.21978
72.44588,93.03258
73.09104,93.92666
73.98766,94.81058
74.7268,95.59544
75.37196,96.43618
76.21524,97.30994
77.0382,98.12782
77.74686,98.84664
78.37678,99.62642
79.12354,100.41636
79.8703,101.13772
80.56372,101.68128
81.14538,102.28326
81.7118,102.90556
82.37728,103.4415
82.74304,103.886
83.19008,104.30256
83.47964,104.6734
83.89112,105.01884
84.01304,105.21188
84.1375,105.40492
84.201,105.57764
84.29498,105.67416
84.074,105.6132
84.0232,105.54462
83.81492,105.47096
83.7057,105.30332
83.33994,105.0798
82.93608,104.77246
82.5881,104.4956
82.12836,104.11714
81.4959,103.54564
80.72374,102.89286
80.10906,102.2604
79.5401,101.62032
78.5622,100.87864
77.9145,100.15728
77.1017,99.47402
76.40574,98.6663
75.55484,97.77476
74.75474,96.9264
73.914,96.16694
73.23836,95.32366
72.24522,94.41434
71.40702,93.54312
70.66788,92.75064
69.98716,91.91498
69.20484,91.02598
68.51904,90.2208
67.73418,89.5604
67.17792,88.82634
66.53276,88.05672
66.00952,87.39124
65.57518,86.87054
65.24244,86.3473
64.81064,85.7885
64.56172,85.39988
64.28232,85.09
64.22898,84.836
64.00546,84.55914
63.9191,84.38642
63.95974,84.41944
64.18072,84.4423
64.31788,84.45246
64.55156,84.58962
64.73698,84.8487
65.17132,85.12302
65.3923,85.38718
65.72504,85.71484
66.20002,86.1695
66.83502,86.78164
67.36334,87.39124
67.94754,88.10498
68.48094,88.82634
69.2531,89.56548
69.78396,90.26398
70.40118,91.05138
71.12,91.92514
71.91502,92.77858
72.45858,93.55836
73.20788,94.43466
73.91654,95.34906
74.7141,96.23044
75.52944,97.02546
76.22794,97.89922
76.86548,98.75774
77.70876,99.61626
78.29804,100.34016
79.00162,101.06152
79.58074,101.85146
80.3021,102.4636
80.92186,102.99446
81.43494,103.6066
81.8388,104.18572
82.32648,104.60228
82.64906,104.91978
82.98942,105.26776
83.2485,105.60812
83.43392,105.78338
83.47964,105.8291
83.56854,105.87736
83.51774,105.93324
83.49742,105.82402
83.33232,105.59796
83.20532,105.35158
82.94878,105.13822
82.74812,104.79024
82.33156,104.36606
81.88706,103.85552
81.31048,103.24084
80.81518,102.54234
80.01,101.76764
79.4131,101.03358
78.78572,100.31222
78.12278,99.50196
77.33284,98.6282
76.53528,97.76968
75.79868,96.92132
75.15098,96.06026
74.2696,95.06966
73.39838,94.16034
72.64146,93.2942
72.03186,92.44076
71.18096,91.49334
70.29958,90.62974
69.61124,89.84234
69.00164,89.07526
68.2371,88.2523
67.57162,87.54872
66.92138,86.97468
66.4718,86.34984
65.913,85.71992
65.41262,85.25764
65.08242,84.90204
64.7319,84.57692
64.2874,84.22132
64.1096,84.0486
63.9826,83.99526
64.07404,83.9597
64.03594,83.947
64.0842,84.0232
64.18326,84.25434
64.33058,84.51342
64.48552,84.75472
64.7192,85.08238
65.03924,85.53196
65.35928,86.00948
65.82156,86.58098
66.35242,87.2871
66.98488,88.08974
67.68846,88.8365
68.15328,89.54262
68.79844,90.36304
69.53504,91.31554
70.13702,92.15882
70.8279,92.9894
71.55942,93.88094
72.32904,94.87408
73.06564,95.79356
73.80986,96.67748
74.5109,97.54616
75.31608,98.44786
76.17206,99.3394
76.7588,100.09886
77.51064,100.91166
78.1812,101.72446
78.99146,102.47376
79.52486,103.09098
80.02524,103.72598
80.66786,104.37114
81.16062,104.95788
81.48574,105.43286
81.93024,105.83164
82.2706,106.2736
82.50936,106.6165
82.75066,106.80954
82.9056,106.98226
82.85226,107.19816
82.99196,107.26928
82.93608,107.21086
82.81416,107.14482
82.6135,107.03814
82.40522,106.82224
82.09534,106.52506
81.73466,106.17962
81.39938,105.84942
80.84058,105.45572
80.19542,104.74198
79.51978,104.0257
78.79588,103.34752
78.16596,102.63378
77.46238,101.78796
76.71308,101.01072
76.01966,100.22332
75.34656,99.33686
74.52106,98.37166
73.63968,97.41154
72.86498,96.56064
72.16648,95.60306
71.35622,94.64294
70.62724,93.69552
69.83476,92.84208
69.21246,91.9607
68.44792,91.01582
67.79768,90.1827
67.1195,89.46134
66.7004,88.72474
66.07556,87.98306
65.5447,87.33282
65.11544,86.82736
64.83858,86.3092
64.389,85.74786
64.18834,85.32622
63.9191,85.06206
63.85814,84.80806
63.85052,84.57946
63.89624,84.44992
63.90132,84.50834
64.17056,84.52612
64.23406,84.56676
64.4398,84.73186
64.74714,85.01888
65.17386,85.31606
65.42532,85.60308
65.85458,85.9663
66.4464,86.48954
67.16776,87.16264
67.5894,87.7697
68.21932,88.44534
68.83908,89.22258
69.596,89.90584
70.15226,90.5764
70.88886,91.37142
71.52386,92.21724
72.3519,93.05036
73.01738,93.78696
73.69048,94.61754
74.38898,95.51416
75.27544,96.3422
75.9333,97.1042
76.64196,97.8789
77.32014,98.68916
78.08214,99.40036
78.66634,100.05568
79.39532,100.7491
79.92618,101.45522
80.66024,102.02926
81.16062,102.5525
81.47812,103.04018
82.1563,103.59644
82.5881,104.01808
82.88782,104.35844
83.23326,104.648
83.40598,104.97312
83.7819,105.15092
83.91652,105.23982
84.04606,105.28046
84.00288,105.32618
84.07654,105.27538
83.85556,105.08996
83.72348,104.92994
83.51266,104.74198
83.36788,104.44988
83.04784,104.07142
82.62112,103.66756
82.1944,103.15702
81.72704,102.5525
81.08188,101.77526
80.17764,101.09454
79.66202,100.49764
79.10068,99.73564
78.359,98.89744
77.48016,98.0821
76.81214,97.32772
76.12888,96.50222
75.27036,95.5802
74.422,94.72422
73.5076,93.93682
72.79132,93.07576
71.91756,92.1893
71.0184,91.40698
70.23608,90.678
69.62648,89.93632
68.80606,89.12098
68.15582,88.48598
67.40652,87.90432
66.84264,87.33536
66.33464,86.7537
65.78092,86.26094
65.38214,85.9409
65.11036,85.57768
64.6049,85.20176
64.31026,85.00618
64.1985,84.90712
64.14262,84.85632
63.96736,84.73694
63.89878,84.8233
64.16802,84.98586
64.4398,85.16874
64.53124,85.32876
64.82588,85.60562
65.07988,85.99424
65.52692,86.40572
65.9384,86.84514
66.36004,87.47252
66.89852,88.21674
67.57416,88.89746
68.1482,89.54516
68.74002,90.2716
69.46392,91.0844
70.23354,91.90736
70.8533,92.63634
71.55942,93.44152
72.2249,94.34322
73.00976,95.1865
73.75906,95.95612
74.51598,96.73336
75.32878,97.60966
76.09078,98.38944
76.77404,99.08032
77.47762,99.78136
78.1431,100.51796
79.04734,101.20884
79.59598,101.70414
80.30718,102.27818
80.98028,102.83698
81.60766,103.28656
82.17408,103.64978
82.62112,103.96728
83.07324,104.30764
83.63712,104.54132
83.84794,104.66578
84.1375,104.7242
84.41944,104.84104
84.67598,104.84866
84.79028,104.66578
84.74202,104.50576
84.70392,104.35844
84.71662,104.10444
84.55152,103.76408
84.3534,103.41864
84.06892,103.06812
83.82254,102.51694
83.44916,101.81844
83.0326,101.17074
82.44332,100.5459
81.9658,99.87534
81.22412,99.06508
80.55864,98.35896
79.94396,97.57156
79.26578,96.78162
78.37424,95.94088
77.67574,95.08236
76.91628,94.33814
76.19746,93.51264
75.39228,92.60078
74.6379,91.78036
73.90892,91.09202
73.19772,90.33256
72.48398,89.50452
71.89724,88.77808
71.16318,88.17102
70.77964,87.52586
70.10908,86.8807
69.55282,86.35492
68.97624,85.93328
68.7705,85.49386
68.19646,85.03158
67.92468,84.71916
67.61734,84.5312
67.54368,84.3788
67.3608,84.19338
67.23888,84.13496
67.23888,84.19084
67.40906,84.25942
67.39128,84.33054
67.50558,84.5058
67.64528,84.7598
67.9831,85.03158
68.2117,85.29066
68.47078,85.63102
68.76796,86.20252
69.28866,86.80704
69.86524,87.37346
70.29958,87.98814
70.75678,88.67648
71.49338,89.36736
71.97598,90.0176
72.56018,90.73642
73.18756,91.54414
74.03338,92.31884
74.49058,93.0275
75.28052,93.80728
75.93076,94.63278
76.6318,95.40494
77.3049,96.10344
77.95006,96.84004
78.62316,97.5614
79.44104,98.29292
80.03794,98.85934
80.77962,99.50196
81.24952,100.10394
82.00644,100.65512
82.45094,101.0793
82.77098,101.53396
83.29422,101.98862
83.72348,102.38232
83.90128,102.6668
84.18576,102.94874
84.4677,103.20528
84.69122,103.38562
84.6201,103.41864
84.61248,103.505
84.54136,103.56596
84.54136,103.54564
84.33308,103.38054
84.10194,103.2129
83.77682,103.0732
83.5152,102.85222
83.04276,102.4763
82.41284,102.14102
81.78038,101.73462
81.3943,101.1428
80.5307,100.46462
79.883,99.8347
79.11592,99.26574
78.47838,98.6409
77.70368,97.84334
77.04582,97.13468
76.26604,96.42094
75.46086,95.7199
74.6887,94.89186
73.92162,94.11462
73.1139,93.41358
72.4408,92.6719
71.63562,91.90228
70.8152,91.17838
70.14464,90.52052
69.59092,89.86266
68.81876,89.18702
68.2879,88.56726
67.80022,88.09228
67.2846,87.57666
66.8147,87.01278
66.50736,86.5759
66.15684,86.24824
65.98666,85.96884
65.78092,85.63102
65.59804,85.43036
65.59804,85.3313
65.66154,85.27542
65.69456,85.1789
65.71742,85.20938
65.91046,85.37194
66.11112,85.55482
66.2559,85.6869
66.5607,85.94598
66.94424,86.3092
67.48018,86.65972
67.97294,87.03056
68.4276,87.57412
68.97624,88.2269
69.73062,88.85936
70.24624,89.40546
70.83806,90.043
71.56196,90.7669
72.34682,91.47048
72.86498,92.09278
73.80732,92.80906
74.4474,93.63202
75.21956,94.38132
75.81646,95.0595
76.46924,95.78086
77.21092,96.54794
78.12024,97.24898
78.74762,97.8662
79.40294,98.51136
80.08112,99.20224
80.92694,99.79152
81.37398,100.25634
82.02422,100.76434
82.5627,101.29266
83.2358,101.74478
83.71332,102.08006
84.00542,102.36708
84.3915,102.70236
84.71408,102.93604
85.07984,103.04526
85.28812,103.1494
85.38718,103.20782
85.57768,103.2256
85.42528,103.13162
85.40242,103.00716
85.35162,102.87508
85.16112,102.65918
84.83092,102.34422
84.60232,101.99624
84.26704,101.6762
83.94446,101.22154
83.41106,100.5713
82.66938,99.98456
82.15122,99.44354
81.56194,98.83648
80.6831,98.0948
79.9211,97.37852
79.33944,96.73844
78.66888,96.02216
77.89672,95.24746
77.03566,94.48546
76.26858,93.7768
75.58024,93.10878
74.70394,92.28074
73.84034,91.56192
73.04532,90.96248
72.4154,90.2716
71.69658,89.52738
70.81266,88.92032
70.04812,88.42502
69.46392,87.89416
68.83908,87.31758
68.22694,86.8553
67.61988,86.53526
67.12712,86.21014
66.71818,85.8266
66.31432,85.598
65.85966,85.5218
65.69964,85.3821
65.33642,85.26526
65.2399,85.2932
64.9986,85.43544
65.02908,85.57768
65.05194,85.725
65.12306,85.9536
65.18402,86.29396
65.45072,86.65464
65.61836,86.98992
65.9257,87.4903
66.23558,88.1634
66.65468,88.79078
67.09156,89.34196
67.54368,89.98204
68.05422,90.68562
68.6562,91.41714
69.27596,92.05976
69.88048,92.81922
70.4977,93.64218
71.16064,94.45752
71.81596,95.14586
72.41286,95.90532
73.15708,96.72574
73.93178,97.49536
74.64298,98.17354
75.30338,98.89998
75.99426,99.60864
76.91628,100.24618
77.40904,100.83038
78.1431,101.43236
78.7146,101.9429
79.59598,102.45344
80.08874,102.84714
80.76184,103.18496
81.38922,103.61168
82.1309,103.84028
82.52968,103.96474
82.95386,104.09428
83.39582,104.16286
83.96478,104.16286
84.31276,104.04094
84.34832,103.86822
84.64296,103.7971
84.9884,103.54056
84.97824,103.1748
85.05444,102.80904
85.03412,102.45344
85.04682,101.94798
84.88426,101.25964
84.65566,100.5967
84.39912,99.98456
84.1248,99.36226
83.86572,98.60026
83.38566,97.83572
82.78114,97.1677
82.32902,96.40824
81.48574,95.53448
80.99552,94.75216
80.27924,94.03842
79.83474,93.25864
78.86446,92.3925
78.26756,91.6051
77.51572,90.93962
76.92898,90.19032
76.23302,89.42324
75.3999,88.7603
74.81062,88.17356
74.14514,87.58936
73.38568,86.96706
72.87514,86.45398
72.26808,86.05774
71.88454,85.6488
71.40194,85.25002
70.84314,84.9376
70.50024,84.7725
70.30974,84.59724
69.9897,84.4042
69.71284,84.36356
69.45376,84.43722
69.47662,84.4931
69.44614,84.57184
69.35724,84.72424
69.32422,85.00872
69.43598,85.28304
69.51726,85.55482
69.66966,85.87994
69.99732,86.46414
70.21322,87.04834
70.3961,87.64016
70.74662,88.2777
71.12254,89.01684
71.6915,89.70772
72.10044,90.41892
72.49922,91.21648
73.05802,92.08008
73.70826,92.94876
74.10958,93.71838
74.66838,94.5769
75.31354,95.53194
76.07046,96.41586
76.59116,97.16008
77.216,97.96018
77.8256,98.86696
78.64856,99.66198
79.29372,100.35032
79.97952,101.0539
80.49768,101.80828
81.3689,102.44836
81.86674,102.997
82.60588,103.5177
83.05292,104.12476
83.6168,104.51846
84.10194,104.85882
84.4804,105.16616
84.83092,105.49636
85.22462,105.69448
85.27288,105.75798
85.43036,105.85704
85.49132,105.91038
85.67674,105.85704
85.50656,105.69956
85.26526,105.50906
85.08238,105.34142
84.87664,105.05948
84.59216,104.67594
84.25688,104.28224
83.86318,103.81488
83.43646,103.2256
82.80146,102.46106
82.1182,101.78796
81.3816,101.20376
80.76692,100.45446
79.97698,99.6569
79.1718,98.86442
78.42758,98.09988
77.6859,97.23882
76.835,96.3549
76.073,95.49892
75.1205,94.70898
74.4474,93.86062
73.61174,92.94622
72.84212,92.14358
71.94804,91.39428
71.247,90.5891
70.50278,89.80424
69.79412,89.1032
69.16166,88.48852
68.73494,87.89162
68.00342,87.25662
67.61734,86.73846
67.13728,86.3219
66.88836,85.97138
66.58102,85.56244
66.42608,85.3313
66.18478,85.23732
66.10604,85.13572
66.20764,85.02142
66.26606,85.0519
66.27368,85.2043
66.59372,85.3821
66.74104,85.53196
67.08648,85.76056
67.4116,86.1314
67.81038,86.487
68.35902,86.84768
68.91782,87.34552
69.58584,88.0491
70.32498,88.73998
70.99808,89.31656
71.65086,89.98458
72.41794,90.77706
73.2917,91.55938
74.01306,92.22232
74.83094,92.98432
75.63358,93.8657
76.60894,94.70644
77.3684,95.46844
78.20914,96.28886
79.04226,97.1677
79.93634,97.9932
80.772,98.69678
81.49844,99.47402
82.2706,100.28682
83.0326,100.9904
83.63712,101.64318
84.21624,102.25532
84.72424,102.98938
85.38718,103.53294
85.68436,104.00284
86.14664,104.4448
86.45906,104.93502
86.84006,105.28554
87.01024,105.5497
87.17534,105.77576
87.08644,105.9942
87.2744,106.08818
87.18296,106.08564
87.0585,106.04754
86.87562,106.03992
86.7156,105.88752
86.37016,105.6132
86.03742,105.34142
85.64372,105.0798
85.10778,104.7115
84.328,104.23144
83.65744,103.6193
82.95894,102.99954
82.29092,102.33406
81.38922,101.61778
80.67548,100.88372
79.90332,100.21824
79.20736,99.44354
78.32852,98.55708
77.37856,97.71634
76.54798,96.96958
75.79868,96.12376
74.78522,95.1992
73.98258,94.33814
73.20026,93.53042
72.50176,92.72524
71.628,91.86164
70.866,91.06662
69.97192,90.35796
69.50456,89.62898
68.84162,88.88476
68.14312,88.23706
67.60464,87.67826
67.33794,87.11692
66.7004,86.56066
66.26098,86.09584
66.00698,85.78342
65.8241,85.44052
65.56248,85.10524
65.35674,84.92744
65.38976,84.8868
65.46088,84.86394
65.44056,84.84362
65.53708,84.9376
65.71234,85.16874
65.90792,85.38972
66.1289,85.63864
66.46418,85.97646
66.75882,86.41588
67.34302,86.9315
67.83578,87.54872
68.41236,88.27262
69.01942,89.06764
69.77634,89.87282
70.32498,90.58656
70.93712,91.4273
71.49592,92.32646
72.3011,93.22562
73.03516,94.0562
73.80224,94.96044
74.51344,95.88246
75.41514,96.80448
76.06284,97.58934
76.78166,98.45802
77.66558,99.33686
78.4606,100.13696
79.22768,100.838
79.8957,101.61524
80.6323,102.30358
81.48828,102.98684
82.06486,103.53548
82.59318,104.14254
83.12912,104.72928
83.71078,105.22458
84.04098,105.59796
84.2899,105.97642
84.582,106.37774
84.94522,106.63936
85.0392,106.77906
85.16112,106.8578
85.20938,106.96956
85.15096,106.9721
84.99856,106.83748
84.81568,106.6927
84.48548,106.51236
84.35086,106.26598
83.92668,105.92308
83.52536,105.5243
83.03006,105.13314
82.52968,104.53116
81.84134,103.77932
81.11236,103.09098
80.29194,102.44074
79.68234,101.6762
78.95336,100.82276
78.17612,99.9871
77.4954,99.24034
76.78928,98.33864
75.9079,97.38106
75.03668,96.44888
74.24674,95.54972
73.6473,94.66834
72.74052,93.65742
72.0344,92.76842
71.26732,91.95054
70.60946,91.09964
69.98716,90.20048
69.17182,89.38006
68.58,88.7095
68.19646,87.97036
67.64274,87.23122
67.06108,86.63178
66.63436,86.15172
66.4083,85.65642
65.97396,85.13826
65.81902,84.78266
65.56502,84.5439
65.54724,84.33308
65.56502,84.10194
65.57264,84.02828
65.53454,84.08162
65.70726,84.1756
65.86728,84.23656
66.06032,84.4042
66.27114,84.70646
66.67754,85.00872
67.00012,85.32368
67.48272,85.69706
67.98056,86.28634
68.64604,86.9442
69.18198,87.5411
69.78396,88.26754
70.38086,89.0524
71.16064,89.84234
71.70166,90.55608
72.4154,91.3638
73.0885,92.2655
73.8124,93.12148
74.58456,93.93174
75.3745,94.82074
76.01458,95.81896
76.86802,96.64446
77.55636,97.44964
78.2828,98.31324
79.11592,99.20478
79.93634,99.9617
80.47228,100.6983
81.21142,101.39172
81.72958,102.12578
82.47888,102.78872
83.09102,103.34498
83.39328,103.87584
83.83778,104.4321
84.39912,104.90454
84.64296,105.19918
84.89442,105.4989
85.25764,105.79354
85.50148,106.05516
85.4202,106.13898
85.34908,106.172
85.29828,106.23042
85.30844,106.1974
85.08746,105.98404
84.81822,105.77576
84.57692,105.59034
84.3153,105.31094
83.80984,104.94264
83.42122,104.51846
82.6643,104.06634
81.99628,103.49738
81.14792,102.72776
80.39608,102.03434
79.64932,101.40442
78.9305,100.66274
78.00848,99.80676
77.01788,99.02952
76.38542,98.24974
75.61326,97.44202
74.70902,96.48952
73.8886,95.6056
72.98182,94.83598
72.26046,93.95714
71.48068,93.03766
70.71614,92.19438
69.89826,91.44508
69.22262,90.63228
68.4657,89.79662
67.97548,89.07526
67.36842,88.43772
66.8147,87.81034
66.23812,87.16264
65.78092,86.60384
65.30086,86.19998
65.16624,85.76056
64.78778,85.3186
64.55156,85.02142
64.4144,84.85124
64.42456,84.71408
64.34328,84.5566
64.42456,84.50326
64.5541,84.63026
64.7827,84.74964
64.91224,84.85124
65.2018,85.0646
65.45072,85.4075
65.89522,85.75548
66.26098,86.08822
66.7893,86.5124
67.37604,87.1855
68.22186,87.85606
68.79844,88.43772
69.40042,89.11336
70.01002,89.8906
70.83044,90.63736
71.49846,91.36634
72.29094,92.14612
72.9107,93.0783
73.86828,93.94444
74.48042,94.73692
75.311,95.61068
76.09332,96.5454
77.0255,97.3963
77.72654,98.171
78.62824,98.9711
79.41818,99.84994
80.26654,100.60686
80.94726,101.29774
81.6864,101.96068
82.36204,102.71252
83.18246,103.3145
83.71078,103.8352
84.25434,104.35844
84.8868,104.86644
85.42782,105.2703
85.86216,105.54716
86.13902,105.87482
86.32698,106.15676
86.75116,106.31678
86.86038,106.38536
86.8807,106.4514
86.80958,106.49712
86.76386,106.3879
86.66226,106.24566
86.42858,106.045
86.14918,105.85196
85.8901,105.58018
85.45322,105.19918
84.92998,104.81564
84.23402,104.35082
83.64728,103.77678
82.8802,103.01224
82.0547,102.3239
81.40446,101.74224
80.59674,101.03612
79.63154,100.1903
78.79842,99.38512
77.89418,98.62058
77.13218,97.76206
75.98918,96.8502
75.07478,95.99676
74.22642,95.18142
73.39076,94.30766
72.43064,93.38056
71.41464,92.52458
70.49516,91.78036
69.71538,90.99296
68.85686,90.15476
68.09232,89.45118
67.37096,88.82634
66.84264,88.18372
66.09334,87.52332
65.46596,87.00516
64.90462,86.59622
64.58966,86.16696
64.32042,85.77326
63.9318,85.4964
63.68542,85.34146
63.6143,85.1916
63.55588,85.06206
63.54826,85.07222
63.54572,85.24748
63.83528,85.38718
63.93688,85.55228
64.19342,85.8266
64.50838,86.1822
64.91986,86.60892
65.28562,87.00262
65.77584,87.59444
66.40322,88.39454
67.18554,89.1413
67.81546,89.8017
68.4022,90.59926
69.17944,91.47302
69.94906,92.33408
70.80504,93.12656
71.4629,94.02572
72.31888,94.96298
73.26122,95.89516
74.02576,96.70542
74.8792,97.64522
75.74534,98.62566
76.62418,99.47148
77.45476,100.2411
78.34376,101.06406
79.13878,101.86416
79.96936,102.59314
80.73644,103.25354
81.55178,103.88854
82.1944,104.46258
82.98434,105.00106
83.52028,105.43032
84.14766,105.81894
84.74964,106.24312
85.27034,106.54538
85.67166,106.72064
86.0044,106.85526
86.21268,106.98988
86.49208,107.01274
86.60384,106.91622
86.74354,106.78668
86.68258,106.71048
86.74354,106.48696
86.44128,106.19994
86.2711,105.88752
86.01964,105.55986
85.76564,105.16108
85.38718,104.54386
84.87918,103.86822
84.29244,103.28402
83.72856,102.58298
82.7659,101.79812
82.11566,101.03866
81.3181,100.33254
80.62722,99.51466
79.81696,98.62058
79.03464,97.663
78.24216,96.83496
77.39634,95.95612
76.50226,94.97568
75.45832,94.0181
74.6887,93.19768
73.88098,92.28074
72.91578,91.33586
72.05472,90.4621
71.24192,89.70264
70.5612,88.90508
69.6976,88.09228
68.9991,87.37092
68.38442,86.7791
67.82816,86.20506
67.19062,85.61578
66.58102,85.13826
66.11112,84.81314
65.87236,84.50072
65.5447,84.17814
65.10274,83.99018
65.024,83.93176
64.99352,83.93938
64.92494,83.93176
64.92748,84.05114
64.9859,84.29498
65.30086,84.57692
65.59042,84.83346
65.78346,85.18144
66.05778,85.6615
66.50482,86.17966
66.94678,86.80958
67.51828,87.51062
68.10502,88.31072
68.79844,89.06256
69.41058,89.77884
70.07352,90.58402
70.86092,91.49588
71.56958,92.38996
72.29348,93.2053
72.99198,94.0943
73.73366,95.05696
74.72426,95.9866
75.34656,96.78416
76.21016,97.65538
76.97724,98.56724
77.84338,99.35464
78.57744,100.05822
79.31912,100.7745
80.13446,101.5873
80.9244,102.2477
81.61274,102.7938
82.20456,103.3272
82.79638,103.90886
83.41614,104.32288
83.83778,104.69372
84.30768,105.00868
84.61248,105.31094
84.9376,105.52684
85.1535,105.61828
85.28558,105.69702
85.3567,105.75798
85.47354,105.7275
85.2551,105.53192
85.10016,105.36936
85.0138,105.16616
84.79028,104.89692
84.50072,104.53878
84.09432,104.14
83.6676,103.69042
83.24596,103.07066
82.49412,102.36962
81.661,101.69652
80.96504,101.0539
80.3656,100.34778
79.53248,99.55022
78.60284,98.77806
77.85862,98.03638
77.01534,97.2439
76.23048,96.3549
75.2221,95.48876
74.37374,94.74962
73.63968,93.91396
72.7202,93.0402
71.92772,92.2274
71.1073,91.49334
70.3834,90.73134
69.58584,89.97696
68.77558,89.28608
68.1355,88.70188
67.76212,88.11006
67.21602,87.5157
66.60388,86.995
66.0527,86.60384
65.83426,86.25078
65.37452,85.88502
65.18148,85.6361
64.97066,85.5345
64.90208,85.3948
64.88176,85.26018
64.9351,85.2805
64.9986,85.44052
65.23736,85.59546
65.42786,85.72754
65.66916,85.95106
65.93586,86.30412
66.30162,86.6394
66.70802,86.9696
67.17284,87.46236
67.76466,88.11006
68.5419,88.73744
69.07022,89.30132
69.75856,89.93124
70.3961,90.66276
71.17334,91.37396
71.80326,92.04706
72.56272,92.74556
73.37298,93.5609
74.22896,94.3229
75.05192,95.03156
75.77582,95.8088
76.5937,96.63176
77.50302,97.40392
78.22946,98.07194
79.1845,98.74758
79.84998,99.4791
80.69834,100.18776
81.3054,100.73386
82.06232,101.3714
82.72526,101.94544
83.50758,102.47122
83.92922,102.85222
84.2899,103.2764
84.7217,103.75392
85.25764,104.08666
85.46338,104.27462
85.69452,104.46766
85.85962,104.72928
86.21268,104.80548
86.20252,104.76738
86.21776,104.73436
85.9917,104.70896
85.99678,104.57942
85.77326,104.33304
85.44814,104.07396
85.05444,103.83012
84.76234,103.49738
84.22894,103.01224
83.54822,102.362
82.87258,101.8286
82.2198,101.20122
81.29016,100.52304
80.5053,99.85248
79.77378,99.16668
78.96352,98.43516
78.09738,97.62998
77.14488,96.84004
76.19238,96.08312
75.44562,95.3135
74.4601,94.48546
73.51522,93.7006
72.67448,92.99448
71.81088,92.20454
70.85584,91.43238
70.0151,90.71356
69.1515,90.14714
68.51904,89.50198
67.66814,88.80348
66.87566,88.25992
66.27368,87.7951
65.69964,87.33282
65.1256,86.8426
64.6049,86.49716
64.25184,86.25078
63.87592,86.03234
63.57366,85.7885
63.45428,85.68944
63.1952,85.7377
63.27394,85.7504
63.246,85.79866
63.23838,85.93328
63.38824,86.19236
63.6143,86.45144
63.84036,86.70036
64.10706,87.02548
64.44488,87.503
64.91732,88.07196
65.32118,88.59774
65.91554,89.20226
66.5988,89.91092
67.3227,90.56624
67.90182,91.16822
68.61556,91.85148
69.34962,92.65412
70.22338,93.42374
70.84822,94.11208
71.62038,94.8817
72.41032,95.7072
73.11898,96.51238
73.87336,97.20326
74.7776,97.9932
75.66406,98.76282
76.51242,99.48164
77.3176,100.10394
78.14564,100.79736
78.90002,101.4095
79.70266,102.05974
80.37322,102.54488
81.1403,103.01732
81.82864,103.53802
82.4992,103.94696
83.02244,104.27208
83.59648,104.53624
84.02066,104.84612
84.5566,105.08742
84.82076,105.1306
85.01126,105.20172
85.23478,105.24998
85.3948,105.19664
85.50148,105.02646
85.38972,104.84612
85.25002,104.69626
85.08238,104.42194
84.74456,104.07904
84.4423,103.70312
84.14258,103.30434
83.72094,102.7049
83.2485,102.04704
82.47888,101.40442
81.81594,100.78974
81.07172,100.12934
80.34782,99.34956
79.55788,98.60026
78.74254,97.88398
78.02626,97.1296
76.97724,96.27108
76.19746,95.43288
75.25004,94.7039
74.44994,93.90126
73.51268,93.03512
72.62622,92.27312
71.74484,91.57462
71.06412,90.85834
70.21068,90.08364
69.31914,89.38514
68.44538,88.82888
67.94246,88.23706
67.34048,87.61222
66.58356,87.12962
65.9892,86.7664
65.67678,86.35746
65.25514,85.98662
64.76492,85.68944
64.40932,85.57006
64.37376,85.4329
64.21374,85.30844
64.07404,85.29066
64.11722,85.41766
64.18834,85.55736
64.1604,85.66658
64.41186,85.89772
64.70142,86.21014
65.04686,86.57082
65.29832,86.90864
65.66408,87.37092
66.12636,88.06942
66.81978,88.71204
67.437,89.27084
68.10248,89.92362
68.71716,90.69832
69.51472,91.4019
70.05066,92.08516
70.78726,92.84208
71.54164,93.67012
72.4916,94.47022
73.18756,95.15602
73.99274,95.94342
74.77506,96.72828
75.69962,97.45726
76.56576,98.11766
77.29728,98.78568
78.0288,99.53244
78.92034,100.18268
79.7306,100.71862
80.29956,101.25964
80.95996,101.8286
81.6737,102.34168
82.1563,102.69982
82.72018,103.06812
83.20786,103.44404
83.71078,103.72852
83.96986,103.87838
84.30768,104.09428
84.52104,104.2416
84.84362,104.30256
84.83854,104.25938
84.80298,104.20604
84.8233,104.17556
84.81822,104.05364
84.5312,103.82504
84.2391,103.54818
83.89112,103.31704
83.51266,103.0097
83.09102,102.51948
82.4865,101.95052
81.8769,101.45014
81.3181,100.8634
80.4926,100.21824
79.61122,99.55784
78.91018,98.9457
78.2193,98.24212
77.34046,97.4598
76.43876,96.72066
75.61834,96.05518
74.9173,95.2881
73.95972,94.4372
73.19264,93.64472
72.27062,92.97162
71.54418,92.21724
70.62724,91.42222
69.81698,90.74912
69.088,90.10904
68.53174,89.46896
67.70624,88.84666
67.03822,88.22944
66.4845,87.76208
65.93332,87.29218
65.38722,86.8045
64.9351,86.47176
64.62268,86.18728
64.48298,85.93074
64.11722,85.68182
63.9064,85.55228
63.8175,85.5345
63.8937,85.54974
63.84544,85.55736
64.008,85.66912
64.1858,85.86978
64.47536,86.09076
64.6938,86.3092
64.97828,86.59876
65.31864,86.9823
65.81394,87.43696
66.3575,87.94496
66.89598,88.52154
67.59702,89.17686
68.32092,89.77884
68.83654,90.35542
69.42074,90.99296
70.11416,91.76766
70.8279,92.5068
71.5899,93.1926
72.38492,93.90634
73.13168,94.71914
73.98512,95.49384
74.72172,96.14916
75.42784,96.88322
76.26858,97.66554
77.13472,98.37166
77.81798,98.99396
78.5622,99.59848
79.22768,100.28936
80.15224,100.92436
80.7593,101.37648
81.44764,101.89718
82.08264,102.44328
82.73542,102.82428
83.1088,103.0986
83.7184,103.47452
84.08416,103.77424
84.5058,104.01046
84.68614,104.0892
84.9249,104.21366
85.00618,104.25684
85.1916,104.27208
85.10524,104.14
85.0392,103.99014
84.80806,103.85298
84.70138,103.60406
84.48802,103.2764
84.05622,102.91318
83.6803,102.5525
83.2485,102.00386
82.60334,101.35616
81.90484,100.70846
81.21904,100.03536
80.5688,99.37496
79.72806,98.57994
78.96098,97.81032
78.105,97.12452
77.44206,96.31934
76.48194,95.44304
75.48118,94.62008
74.60742,93.84792
73.70318,93.01988
72.81418,92.18676
71.91502,91.3384
71.03872,90.68562
70.25386,89.9668
69.4309,89.21496
68.58508,88.51392
67.80276,87.93734
67.2338,87.4014
66.4718,86.78926
65.85966,86.31428
65.42278,85.97138
64.97066,85.5853
64.7192,85.25764
64.25184,85.04428
64.10706,84.96808
63.98768,84.90966
63.84798,84.8233
63.87084,84.85124
63.98514,85.04682
64.21882,85.23732
64.43218,85.40242
64.67348,85.66912
64.93764,86.03996
65.43294,86.4489
65.7987,86.83752
66.25336,87.42426
66.97218,88.11006
67.81038,88.81364
68.39966,89.39276
69.1896,90.07602
69.79666,90.85834
70.7136,91.64066
71.4248,92.3417
72.2884,93.14434
73.20026,94.02826
74.0664,94.87662
74.92746,95.61576
75.68184,96.41078
76.50988,97.2566
77.46746,98.05416
78.28026,98.75012
79.06512,99.45878
79.83728,100.22078
80.73644,100.89642
81.42478,101.46538
82.06232,102.08006
82.61858,102.66934
83.46186,103.21036
83.8327,103.57866
84.40928,103.94442
84.84362,104.31018
85.08746,104.59974
85.34146,104.7877
85.39226,104.8893
85.66658,105.01884
85.78088,105.09758
85.6361,104.99852
85.37702,104.92486
85.28304,104.84104
85.1916,104.66324
84.89188,104.3432
84.48294,104.0384
84.02066,103.71328
83.5279,103.33736
82.8675,102.73284
82.10296,102.03688
81.30794,101.46538
80.5561,100.8253
79.63408,100.07092
78.8924,99.33178
78.02118,98.6028
77.20838,97.83826
76.28636,96.9264
75.38212,96.1009
74.42454,95.3135
73.64476,94.46768
72.8599,93.5228
71.73976,92.68206
71.12254,91.8845
70.30466,91.07932
69.46392,90.20556
68.6435,89.4334
68.0339,88.76538
67.40652,88.05926
66.7385,87.35568
66.2305,86.72576
65.6336,86.24316
65.28308,85.73262
64.88938,85.2297
64.58458,84.85886
64.42964,84.57946
64.22136,84.36356
63.94196,84.0994
63.92672,83.94446
63.97498,83.98256
64.14262,84.01304
64.15786,84.04098
64.39154,84.17306
64.53632,84.41944
64.95796,84.67344
65.29832,84.95792
65.70726,85.28558
66.17208,85.7123
66.88836,86.29904
67.45478,86.88832
68.06946,87.55634
68.81114,88.28786
69.469,89.00922
70.12432,89.68994
70.78726,90.43924
71.56704,91.3257
72.43572,92.18168
73.11898,92.9894
73.9013,93.83268
74.5998,94.78264
75.55992,95.68688
76.31176,96.4946
77.04328,97.35566
77.7748,98.26244
78.6638,99.07778
79.375,99.81438
80.11922,100.54082
80.73898,101.3206
81.55686,101.981
82.08264,102.49916
82.62112,103.06304
83.11896,103.62438
83.7184,104.10698
83.96224,104.43718
84.27974,104.77246
84.58454,105.09758
84.95538,105.32618
85.10016,105.36682
85.06206,105.50398
85.05952,105.5751
85.09254,105.53954
84.83092,105.40492
84.60486,105.24998
84.32292,105.1179
84.10448,104.89692
83.6676,104.55148
83.2485,104.19334
82.59572,103.85806
81.94802,103.30688
81.10728,102.61092
80.34528,101.95306
79.56804,101.33838
78.82128,100.61956
77.95006,99.86772
77.0128,99.08286
76.19238,98.35134
75.46594,97.536
74.34834,96.65462
73.42124,95.81642
72.53478,95.02902
71.75246,94.16796
70.7517,93.29166
69.85254,92.48394
69.01688,91.72194
68.29044,90.93962
67.47256,90.1446
66.7258,89.40038
65.9511,88.77046
65.38468,88.1253
64.83858,87.45982
64.3128,86.90102
63.8556,86.44636
63.54826,86.01202
63.16726,85.53958
62.88278,85.23224
62.73292,85.00872
62.77864,84.81314
62.67958,84.63534
62.74816,84.50834
62.86754,84.57438
63.15964,84.62518
63.32728,84.65312
63.52286,84.80552
63.9445,85.07476
64.4017,85.35162
64.90208,85.59292
65.5447,85.94598
66.22034,86.4616
67.00012,87.06358
67.63512,87.59952
68.34124,88.22436
69.02704,88.92794
69.89572,89.60612
70.52818,90.21064
71.30542,90.95232
72.08012,91.79814
73.11898,92.56776
73.95972,93.22816
74.70394,94.0181
75.5777,94.86646
76.5429,95.67418
77.33538,96.36506
78.14056,97.0915
78.95844,97.8916
79.86522,98.61042
80.45704,99.24542
81.18094,99.83724
81.84642,100.5332
82.6262,101.12248
83.11388,101.59238
83.47964,102.03942
83.90636,102.57282
84.4804,102.97414
84.70646,103.251
84.86902,103.55072
85.06968,103.8479
85.21446,104.0511
85.11032,104.1273
84.99602,104.19588
84.8233,104.25176
84.70138,104.22636
84.34324,104.0511
83.91652,103.90886
83.47964,103.759
83.08086,103.53802
82.40268,103.16972
81.62544,102.80142
80.8355,102.44582
80.29448,101.89972
79.43342,101.22154
78.57998,100.58146
77.67828,100.02266
76.98232,99.38766
75.9333,98.61296
75.06462,97.88398
74.25182,97.14484
73.46442,96.39808
72.44842,95.49638
71.67372,94.70644
70.76186,93.98762
70.01764,93.19006
69.09816,92.28328
68.40728,91.50604
67.62242,90.80246
67.0687,90.0811
66.43116,89.2683
65.76822,88.58758
65.19926,87.98814
64.8462,87.4141
64.41186,86.78672
64.01054,86.25078
63.73114,85.83676
63.72352,85.44814
63.51016,85.04174
63.59652,84.76742
63.5762,84.57438
63.64986,84.40674
63.71844,84.24672
63.93434,84.2264
64.19596,84.328
64.57696,84.4042
64.88938,84.4804
65.36944,84.65566
65.9257,84.96554
66.60642,85.25764
67.09156,85.5472
67.64528,85.90788
68.36918,86.50732
69.19722,87.16264
69.70014,87.7189
70.46976,88.34628
71.16064,89.0778
72.04456,89.8017
72.84974,90.52306
73.57364,91.2749
74.32548,92.12326
75.1332,92.97162
75.90536,93.74378
76.6572,94.61754
77.50556,95.49638
78.31074,96.33966
79.01432,97.0915
79.77124,97.90684
80.4926,98.77298
81.38668,99.50196
81.88706,100.1649
82.4357,100.8888
83.07578,101.58984
83.64474,102.23246
84.05368,102.74554
84.37372,103.23068
84.73694,103.759
85.217,104.1908
85.2297,104.51084
85.34654,104.79532
85.39988,105.12298
85.52688,105.31348
85.31098,105.33888
85.0392,105.40746
84.87918,105.44556
84.67344,105.41762
84.30768,105.23728
83.93938,105.0544
83.47964,104.88168
82.8675,104.59466
82.09026,104.21366
81.18856,103.8225
80.53578,103.38816
79.94142,102.76332
79.13878,102.02164
78.19644,101.35362
77.4446,100.72116
76.67752,100.03282
75.72502,99.25558
74.78268,98.47326
73.8886,97.73666
73.09866,96.93148
72.15886,96.0247
71.28256,95.16618
70.43166,94.41434
69.85508,93.56852
68.8721,92.68968
68.12788,91.86926
67.42176,91.14028
66.83502,90.40622
66.16192,89.6239
65.61074,88.91524
65.18402,88.34374
64.8208,87.7443
64.32296,87.13216
63.95974,86.59622
63.7667,86.233
63.71336,85.8266
63.50508,85.43036
63.39586,85.1789
63.48476,85.06206
63.64986,84.90712
63.80226,84.82076
63.96228,84.81568
64.30772,84.93506
64.67602,85.09
64.94526,85.22462
65.32372,85.43544
65.88506,85.78088
66.65722,86.12378
67.183,86.44636
67.79006,86.90864
68.51396,87.54618
69.22516,88.20404
69.85762,88.7603
70.50532,89.41054
71.16826,90.13952
72.0217,90.88374
72.771,91.56446
73.533,92.27566
74.3839,93.13672
75.30592,93.93428
75.95108,94.65564
76.70292,95.44558
77.54874,96.27362
78.44536,97.06356
79.2099,97.75444
79.98714,98.43516
80.75676,99.14382
81.6991,99.8855
82.26044,100.41128
83.06308,100.97262
83.66506,101.57714
84.5312,102.05974
84.99094,102.45344
85.48116,102.82936
85.87232,103.23068
86.37016,103.5177
86.64194,103.68788
86.8299,103.88854
86.91626,104.0511
87.06358,104.10444
87.08898,104.05618
87.05088,103.99522
86.80196,103.9241
86.80958,103.77932
86.39556,103.54056
86.08822,103.28148
85.70468,103.04018
85.3313,102.67188
84.66328,102.16388
84.03336,101.60254
83.2104,101.02088
82.61858,100.43668
81.89214,99.7966
80.9371,99.11842
80.11668,98.49612
79.32166,97.79508
78.30058,97.00768
77.4573,96.28378
76.56322,95.60306
75.8698,94.82074
74.92238,94.00032
73.97242,93.20276
73.1393,92.50172
72.39254,91.79814
71.49338,91.0209
70.59168,90.297
69.79412,89.72296
69.09816,89.09812
68.28028,88.47074
67.64528,87.87638
66.98742,87.45474
66.51244,87.0077
66.01714,86.55304
65.51422,86.1949
65.1256,86.00694
64.87922,85.77326
64.50076,85.51926
64.4144,85.44052
64.2493,85.471
64.3255,85.5091
64.30264,85.55482
64.36106,85.65896
64.49568,85.89264
64.68364,86.15172
64.87414,86.36508
65.10782,86.66734
65.46088,87.08898
65.89268,87.6554
66.42862,88.17102
66.98742,88.75268
67.6402,89.4207
68.23202,90.05824
68.80606,90.64244
69.47916,91.30538
70.2056,92.07754
71.02602,92.80144
71.58228,93.47454
72.37984,94.19844
73.22312,94.97822
74.1426,95.78086
74.89444,96.45396
75.57516,97.16516
76.39558,97.92716
77.3811,98.58502
77.95768,99.20224
78.71206,99.7839
79.40294,100.43922
80.1624,101.0412
80.73644,101.46792
81.33334,101.94036
81.78038,102.44836
82.46872,102.85222
82.8802,103.13416
83.26882,103.43388
83.57108,103.76408
83.96478,103.96728
84.04098,104.0765
84.08162,104.11968
84.2264,104.21366
84.36356,104.22636
84.10956,104.10952
83.89112,104.0003
83.70316,103.86822
83.53552,103.66756
83.2866,103.36784
82.77352,103.06304
82.38744,102.74046
81.87944,102.26548
81.15554,101.63302
80.38592,101.092
79.77378,100.55606
79.08036,99.9363
78.22946,99.23018
77.50302,98.5774
76.62672,97.93986
75.88504,97.2312
75.0062,96.42348
74.11974,95.69704
73.15708,94.97568
72.40016,94.25432
71.6153,93.4212
70.64502,92.66682
69.74078,92.0242
69.17944,91.30538
68.25488,90.53322
67.43446,89.88806
66.82994,89.3318
66.32702,88.75776
65.6463,88.12784
65.06972,87.66048
64.64808,87.249
64.31026,86.8426
63.8556,86.40064
63.60922,86.09838
63.39078,85.91042
63.38316,85.74532
63.20282,85.55228
63.21298,85.48624
63.31966,85.52942
63.56858,85.60308
63.754,85.60562
63.97498,85.71484
64.29756,85.97392
64.67094,86.21522
64.99606,86.45652
65.48628,86.73592
66.0273,87.19058
66.70548,87.7316
67.25412,88.20658
67.90436,88.79332
68.6435,89.41816
69.3547,90.05824
69.9516,90.60434
70.69074,91.28252
71.49084,92.03436
72.3392,92.7608
73.0377,93.4085
73.72858,94.12732
74.49312,94.90964
75.39228,95.68688
76.06792,96.33458
76.92644,97.00514
77.6351,97.75444
78.359,98.40976
78.9559,98.98634
79.57566,99.5807
80.25892,100.21824
80.85328,100.74402
81.3308,101.12756
81.84388,101.5492
82.18424,102.01402
82.60334,102.40518
82.82686,102.63632
82.9183,102.90302
83.0326,103.17226
83.18246,103.378
83.1723,103.44912
83.04022,103.49484
82.9056,103.61676
82.86242,103.53802
82.55254,103.43388
82.17916,103.29926
81.88198,103.17734
81.53146,102.9843
80.95488,102.67696
80.2767,102.35184
79.48422,102.01402
78.97622,101.50602
78.2447,100.86848
77.49286,100.28682
76.64704,99.73564
75.98918,99.11588
75.21194,98.39706
74.3077,97.71888
73.37806,97.04324
72.65162,96.32442
71.8058,95.52686
70.85076,94.79026
70.1167,94.10192
69.31152,93.30436
68.61048,92.54236
67.89928,91.8083
67.17284,91.1479
66.59118,90.48496
65.85204,89.73312
65.31864,89.11844
64.8843,88.56218
64.62776,87.99068
64.10198,87.41156
63.85306,86.9061
63.60922,86.55304
63.57112,86.17712
63.35268,85.81136
63.27394,85.50148
63.33236,85.35162
63.5508,85.1916
63.72606,85.0138
63.88354,84.9757
64.1604,85.08238
64.50584,85.16366
64.72428,85.23732
65.1129,85.39226
65.70472,85.67166
66.45148,85.979
67.01028,86.27364
67.62496,86.62162
68.18376,87.2363
68.95084,87.84082
69.54774,88.34882
70.18528,88.98636
70.93458,89.71534
71.77278,90.41384
72.52462,91.04376
73.21804,91.7448
73.90638,92.583
74.8538,93.3704
75.50404,94.07906
76.23302,94.84868
76.96454,95.68942
77.84846,96.47174
78.50886,97.1423
79.19974,97.86874
79.94904,98.63582
80.76692,99.3394
81.27492,99.93884
81.83118,100.5713
82.43316,101.2063
83.0453,101.76256
83.39582,102.1969
83.79968,102.6033
83.96478,103.08082
84.328,103.4161
84.4169,103.65232
84.60232,103.90378
84.59724,104.15016
84.63788,104.27208
84.57946,104.30002
84.37372,104.26446
84.16036,104.24922
84.0232,104.16794
83.59902,103.95966
83.30438,103.70058
82.8802,103.4796
82.33664,103.19004
81.65084,102.76586
80.9244,102.19944
80.17002,101.6127
79.55026,100.99294
78.87462,100.28428
77.97292,99.58832
77.0763,98.9838
76.28636,98.22688
75.44054,97.39122
74.46264,96.58604
73.6219,95.82658
72.71512,94.99346
71.76262,94.10192
70.93204,93.3069
70.07098,92.53474
69.39534,91.6559
68.59778,90.85072
67.75196,90.07094
67.11696,89.36228
66.51498,88.6714
65.74282,87.95004
65.19418,87.29472
64.67856,86.80196
64.4271,86.29142
63.83782,85.7504
63.51016,85.32368
63.10376,85.05444
63.08344,84.7598
62.90818,84.48548
62.73038,84.36356
62.75578,84.38642
62.97422,84.38388
63.06566,84.3915
63.10884,84.48802
63.44412,84.75218
63.82766,85.00618
64.0207,85.24748
64.39408,85.59292
64.87668,86.02726
65.46596,86.5505
66.03238,87.12454
66.69786,87.77732
67.30238,88.47582
68.06184,89.16416
68.81368,89.8144
69.43344,90.56878
70.20814,91.36634
71.0692,92.19184
71.84136,92.9132
72.59066,93.69044
73.36028,94.55912
74.2442,95.40494
74.93762,96.09836
75.70724,96.85274
76.59116,97.6757
77.48524,98.3869
78.12532,99.01682
78.88224,99.63658
79.65694,100.34778
80.44688,100.90912
81.0133,101.40696
81.55686,101.8413
82.27568,102.35692
82.9818,102.77602
83.32724,103.03256
83.68284,103.31704
83.99272,103.61676
84.47278,103.79456
84.58708,103.86822
