0.312438415,0.836600202
0.858029778,0.609612516
0.774472484,0.135717685
0.655242866,0.890014133
0.158436358,0.170141831
0.740849907,0.089316881
0.529488502,0.322720909
0.003631085,0.2317223
0.9478706,0.152692132
0.636263259,0.676651386
0.962029145,0.448740951
0.60626775,0.647982206
0.936020273,0.919059862
0.100937759,0.932374678
0.960862269,0.286146079
0.32575369,0.050363313
0.416013746,0.870510531
0.563736114,0.953557074
0.601331702,0.844658836
0.736494183,0.548013143
0.907713555,0.802015223
0.165659032,0.491082665
0.999437918,0.001811752
0.591787293,0.625693374
0.616243285,0.740269355
0.492471604,0.559372146
0.433200413,0.208866173
0.133092534,0.793278259
0.440036703,0.789380146
0.873937504,0.626462432
0.488318571,0.56243919
0.588766435,0.831400669
0.19096662,0.093178872
0.880472146,0.983838721
0.334927016,0.803700538
0.643726517,0.787981909
0.399983702,0.48925407
0.926745377,0.000171904
0.386622888,0.057885532
0.517011392,0.559025178
0.11292368,0.818248403
0.172159958,0.435144905
0.190621481,0.71184911
0.062952245,0.555318531
0.858949353,0.070579245
0.464151599,0.267118522
0.533735157,0.251049982
0.942066191,0.988457468
0.851538631,0.189512502
0.31747966,0.749310627
0.092214452,0.779051216
0.938839178,0.204437292
0.88468152,0.318291921
0.25575908,0.501386169
0.669033735,0.340418458
0.116232918,0.097084657
0.394884184,0.788845916
0.83109692,0.724540562
0.017667311,0.102492873
0.957883298,0.498017618
0.350278401,0.509288076
0.514773548,0.834360051
0.380712798,0.285860167
0.171626472,0.004203917
0.435068208,0.17635687
0.797484822,0.880390205
0.522745552,0.527323347
0.352046518,0.153345608
0.943725093,0.559654212
0.233345563,0.22228019
0.531067062,0.886257723
0.653015985,0.110484701
0.843850892,0.837555563
0.273672529,0.870293603
0.993396371,0.457845156
0.148212025,0.853867509
0.592689802,0.871522911
0.032319751,0.408699056
0.984435516,0.769569587
0.895328426,0.391096611
0.949663705,0.397771326
0.0882457,0.626473234
0.165720167,0.317299641
0.828376215,0.415655358
0.683365011,0.376577109
0.326879977,0.502161629
0.009613044,0.24284854
0.770757383,0.297075541
0.686360744,0.050569032
0.507832948,0.674868478
0.488359422,0.137328427
0.082368456,0.389740112
0.094113894,0.264551637
0.249750702,0.206581712
0.456211749,0.720177005
0.694617671,0.090810602
0.072240648,0.971734086
0.668670685,0.882661634
0.373429066,0.211243015
0.332893013,0.732829177
0.544184773,0.757435072
0.324937196,0.987449365
0.059157854,0.522155482
0.381925997,0.775466667
0.990124273,0.604136687
0.314253711,0.412253439
0.443284324,0.498326816
0.237955826,0.911457039
0.738231103,0.812336793
0.785396842,0.55163408
0.624896762,0.532845329
0.143200473,0.174171172
0.715812298,0.708477229
0.87466387,0.286283794
0.305567763,0.801552743
0.821223664,0.065192203
0.180090522,0.197226782
0.580975923,0.97266199
0.170325017,0.654758279
0.17534568,0.130642649
0.66097211,0.37744966
0.024809217,0.654817164
0.372993752,0.229858174
0.94564429,0.631646901
0.162717917,0.596954116
0.392235672,0.76017702
0.361726325,0.187909587
0.69354427,0.100881517
0.448353469,0.41761206
0.49289124,0.05706553
0.027407768,0.359956285
0.74399187,0.4800812
0.302030925,0.86384546
0.838326366,0.914772157
0.095789714,0.480879384
0.876518483,0.724379909
0.134750849,0.72930594
0.019820309,0.490104831
0.10358028,0.988891423
0.477906483,0.442278467
0.533549952,0.862483183
0.457300832,0.150982392
0.574075397,0.850659367
0.024060876,0.874936558
0.108196415,0.482137469
0.759697959,0.423839205
0.101052927,0.917258665
0.114043426,0.06658567
0.008433846,0.330990842
0.878577924,0.366770801
0.127421812,0.383528705
0.621683991,0.544015528
0.722888682,0.342881924
0.197647424,0.203867219
0.904001144,0.421864607
0.703474017,0.564969952
0.441165862,0.691227451
0.398215477,0.662640476
0.856189655,0.761464584
0.479321827,0.340680822
0.087181541,0.488409453
0.621497437,0.904953522
0.73435038,0.321734149
0.668688939,0.380789559
0.620563746,0.830958913
0.97661879,0.161052088
0.607623016,0.110783984
0.849989656,0.984792344
0.008563137,0.276097512
0.830794896,0.9828907
0.068864395,0.626837966
0.35435197,0.85894604
0.819579232,0.528954943
0.92979461,0.735097184
0.138937599,0.809422509
0.896408792,0.128926415
0.512515533,0.221079879
0.361749835,0.626914081
0.088673229,0.640141364
0.612255606,0.827528198
0.453414627,0.889187933
0.192260594,0.737737557
0.725195343,0.007398657
0.707840034,0.832024767
0.262948596,0.242782764
0.323711193,0.021790235
0.299300563,0.579603526
0.298749689,0.832383448
0.164265525,0.806532843
0.908182695,0.813810075
0.709701585,0.046605256
0.132653794,0.245046239
0.366997866,0.075801856
0.743636801,0.538394856
0.610408042,0.468116311
0.400712686,0.726013259
0.519493694,0.477600364
0.39644188,0.657021719
0.226540693,0.972418643
0.056607705,0.137903367
0.205592661,0.830016221
0.58414841,0.0212451
0.070470846,0.857195412
0.528226084,0.458832859
0.035021706,0.296207614
0.078889399,0.777177795
0.483534176,0.538491051
0.810388834,0.884822369
0.419447962,0.77480382
0.460971697,0.332276147
0.327029407,0.200628615
0.695165905,0.414365604
0.283542435,0.674795664
0.565199299,0.332400051
0.545865921,0.511800107
0.143285471,0.158349628
0.279873431,0.442671607
0.043980653,0.53963049
0.31929874,0.584089955
0.507545657,0.11286894
0.245583511,0.155671142
0.220790765,0.678554703
0.120191503,0.896483685
0.887514199,0.295539002
0.104039774,0.375018251
0.378161112,0.864011631
0.263721034,0.405871114
0.58940144,0.149480666
0.713826498,0.939816212
0.130102106,0.070886406
0.472416998,0.868182059
0.553907963,0.087769248
0.382635984,0.342976695
0.200244701,0.142006881
0.38401692,0.517663801
0.790939008,0.47973174
0.175194537,0.682286686
0.297569696,0.321571896
0.925408281,0.354544364
0.979201779,0.63266178
0.722121369,0.62048359
0.038634077,0.964842426
0.627675009,0.926985501
0.911788486,0.695081996
0.398879218,0.98175334
0.454454378,0.852185269
0.677893709,0.962291306
0.459098453,0.800285918
0.418584244,0.550666935
0.759864003,0.404481933
0.510030187,0.076270096
0.173419365,0.938000442
0.504032545,0.228473862
0.153168015,0.817672176
0.373713084,0.445081797
0.53087171,0.618908226
0.206871861,0.792785451
0.254718086,0.781541169
0.599726494,0.786371341
0.028660522,0.478622929
0.512648286,0.896575175
0.158302069,0.333581892
0.289030811,0.864261317
0.483972453,0.704128429
0.356454047,0.963985618
0.256617813,0.971361101
0.408103339,0.602729399
0.569494175,0.050744323
0.295749604,0.946413216
0.387312037,0.490622196
0.904608557,0.961562432
0.470059616,0.40534564
0.039685606,0.194314522
0.687295137,0.374163947
0.146749809,0.641678085
0.57741009,0.040676362
0.197342718,0.534644226
0.134691883,0.782297251
0.217295745,0.027650329
0.915173553,0.760402411
0.267951007,0.368498961
0.133000591,0.176819243
0.085328232,0.872725568
0.532322684,0.467905322
0.792765767,0.227543655
0.621514242,0.612809933
0.976701555,0.046826651
0.094830764,0.453366966
0.354749676,0.020426689
0.705212288,0.808330738
0.153091819,0.097996831
0.860425776,0.313418237
0.900037996,0.044079863
0.151769387,0.632569732
0.004105854,0.475608705
0.560561578,0.313435629
0.694091059,0.072009987
0.348121594,0.080164704
0.727501327,0.26656118
0.223265757,0.330369776
0.703388523,0.260463573
0.281535267,0.251431768
0.771929856,0.987080233
0.784632158,0.913563702
0.656028653,0.929917169
0.090053521,0.879506595
0.374185153,0.152670471
0.255845617,0.310559755
0.035668736,0.087378178
0.427591496,0.849991019
0.206410628,0.805177166
0.371599391,0.388248982
0.182142912,0.658868231
0.878531751,0.73049367
0.820686763,0.955891318
0.418675956,0.410931676
0.83953035,0.328735384
0.708765882,0.986996192
0.18210915,0.660131876
0.268322967,0.766776676
0.929120229,0.335343502
0.073183943,0.058336519
0.01212218,0.652817579
0.327417494,0.769942613
0.680359852,0.772315515
0.396551162,0.290895346
0.241290879,0.381502595
0.93756602,0.425402505
0.399516036,0.436397313
0.072211275,0.167393314
0.939751108,0.848223101
0.692963352,0.55146575
0.419741273,0.54848793
0.78892373,0.024240396
0.248377256,0.865872345
0.612530627,0.446968864
0.995650807,0.582493467
0.26070146,0.8255808
0.008016486,0.77380057
0.67171229,0.985387191
0.693371574,0.661029544
0.666095676,0.081365436
0.615978701,0.024913078
0.004541507,0.267955571
0.830807607,0.868141808
0.318822956,0.938032486
0.546678961,0.724801886
0.944594968,0.768085101
0.684587675,0.104173413
0.569519367,0.148323021
0.624308663,0.289548079
0.350528687,0.590041102
0.342524513,0.409947643
0.172179023,0.148769674
0.547587436,0.713877199
0.147570765,0.318150627
0.780549631,0.115483302
0.969359389,0.941805588
0.735040916,0.947149052
0.359538375,0.640450648
0.515001611,0.421708611
0.531318379,0.445152168
0.061930329,0.859605951
0.810205075,0.545930833
0.303393344,0.418870678
0.196536649,0.991919913
0.781733006,0.44409294
0.532807087,0.141283199
0.467287711,0.109894616
0.631011022,0.063893066
0.169103278,0.497246829
0.184610571,0.412057774
0.710543158,0.55177391
0.84888157,0.823818575
0.025131847,0.903264375
0.935611158,0.997886754
0.738194672,0.427476909
0.440748324,0.021142312
0.739925597,0.895417226
0.073329388,0.814182816
0.470995678,0.728784543
0.619865439,0.1031975
0.203865714,0.953786025
0.263703283,0.704813715
0.742256262,0.981252925
0.269801177,0.258774676
0.543347227,0.131390688
0.129740117,0.410745101
0.935226797,0.085188682
0.035526015,0.662029861
0.071042195,0.977214288
0.951068284,0.727724131
0.448770989,0.774823479
0.092745077,0.500043986
0.86587214,0.603221309
0.831120698,0.71957479
0.25719642,0.540095573
0.241571386,0.716417528
0.280486714,0.531867361
0.999692754,0.713444053
0.247569141,0.784313668
0.691185249,0.25486826
0.36295938,0.687155878
0.672707996,0.022884818
0.295203116,0.727314326
0.24179753,0.959373464
0.981610162,0.98227274
0.146260907,0.668271501
0.941525191,0.637986716
0.205587618,0.012696651
0.566127431,0.635010595
0.785946486,0.904378312
0.360575797,0.5225416
0.950615729,0.975237854
0.278923241,0.750284071
0.582499408,0.544577979
0.147448729,0.527166998
0.224728909,0.165078645
0.58529359,0.875610756
0.051625271,0.586063998
0.131381546,0.600739911
0.248047669,0.158981204
0.386051144,0.246060461
0.358227222,0.379585408
0.017494824,0.801205644
0.350290739,0.673985183
0.577022091,0.605017612
0.611773889,0.294900199
0.519228131,0.374738492
0.350128462,0.523018085
0.071079868,0.727694894
0.226598842,0.500675093
0.286573655,0.857750698
0.020602802,0.285158761
0.004633042,0.784488408
0.619632099,0.153860644
0.865386072,0.799059469
0.746812415,0.323118319
0.06951718,0.589883622
0.390050742,0.103846722
0.800955807,0.64162282
0.067866601,0.831168076
0.053901935,0.076919026
0.748660338,0.384020087
0.418438232,0.575988296
0.424043889,0.998272218
0.914894807,0.996596574
0.623290209,0.362866277
0.755177448,0.494789262
0.23919615,0.48212022
0.525146596,0.960529924
0.482700917,0.29699174
0.018705599,0.553883803
0.409935431,0.872770113
0.935228133,0.022975965
0.968778023,0.094460763
0.007893364,0.487931814
0.121074382,0.890913551
0.585610434,0.438316063
0.720116542,0.071580969
0.340014374,0.386246121
0.960296765,0.141684976
0.415840637,0.935752947
0.783854134,0.37924385
0.912556565,0.991746693
0.690481941,0.950065528
0.515702981,0.865676951
0.628027234,0.567932236
0.527726975,0.702384752
0.46192138,0.888958091
0.927345319,0.586589294
0.02081313,0.673068224
0.45948131,0.173954781
0.78038695,0.947588111
0.961072876,0.476368223
0.142685967,0.052701103
0.230006205,0.829934404
0.989894212,0.05763737
0.991652769,0.545386271
0.893546037,0.298211401
0.478717415,0.968790104
0.714735924,0.853924267
0.823633996,0.352949526
0.900431397,0.663251252
0.610540875,0.849765902
0.716886718,0.006300791
0.071522747,0.560838546
0.972136067,0.386930907
0.541739795,0.866403175
0.361825104,0.31516109
0.811867562,0.62841634
0.892390847,0.015373714
0.266853878,0.775889582
0.225816425,0.319307323
0.266318638,0.788862168
0.068574343,0.768851739
0.163107712,0.525561923
0.971007579,0.36342029
0.910782145,0.843959773
0.338108543,0.236863398
0.257300172,0.484642403
0.00117968,0.485095325
0.733078364,0.465076328
0.903136531,0.446715719
0.957986622,0.355109078
0.166470804,0.786512434
0.093485116,0.730143082
0.481405352,0.584919357
0.275010759,0.718343644
0.309347042,0.96974905
0.012346196,0.443066099
0.304260151,0.298874576
0.33998741,0.035420348
0.595597337,0.969438116
0.941115655,0.504544269
0.462695793,0.634999886
0.046848086,0.494917616
0.702834465,0.593673046
0.905979115,0.865691455
0.021927269,0.794461019
0.424344591,0.596006532
0.487545191,0.308147059
0.155277748,0.049856226
0.548483023,0.184189642
0.82393671,0.274171455
0.352462534,0.246436929
0.289020246,0.414256971
0.763002361,0.994993194
0.844781237,0.240438817
0.012174111,0.384382052
0.009871484,0.431659555
0.672764814,0.57546201
0.645071523,0.514171454
0.008224831,0.702205052
0.814154313,0.768008918
0.089206883,0.922260456
0.854766876,0.995959455
0.313790873,0.986883615
0.191601355,0.524538574
0.068693831,0.162851107
0.587162233,0.124098157
0.288218293,0.967737594
0.719882623,0.823475103
0.526406473,0.761975076
0.794378429,0.761908671
0.266145863,0.126462629
0.270954631,0.991485441
0.167832708,0.487534967
0.757352621,0.857400186
0.00269598,0.103961227
0.651103471,0.602699522
0.180764129,0.697871972
0.467193534,0.352288762
0.788193809,0.879192744
0.051086576,0.858004454
0.740520484,0.742692889
0.33257874,0.30101852
0.964282679,0.583056992
0.899072147,0.968425363
0.609683069,0.422178778
0.477397769,0.824034436
0.010208294,0.618739823
0.409326998,0.844042557
0.761756516,0.155631308
0.316451102,0.465044167
0.647056605,0.312439717
0.143263907,0.951996196
0.644347834,0.795617059
0.705988585,0.131904184
0.245274064,0.409724863
0.937700943,0.062560841
0.542546985,0.690162599
0.39921249,0.021676925
0.363262718,0.430394457
0.9573511,0.569321936
0.161358168,0.697045224
0.180701605,0.637136967
0.142459183,0.302286362
0.006025468,0.751390812
0.734655911,0.005103151
0.797994427,0.010134737
0.685361986,0.245116601
0.035085754,0.904636025
0.81740151,0.324014802
0.691992042,0.873417852
0.841960721,0.532591468
0.191955724,0.489081349
0.754808017,0.310058842
0.895930117,0.564451015
0.71541872,0.494891095
0.660617651,0.445471984
0.870727385,0.200986105
0.291800272,0.464020774
0.217357099,0.894045634
0.863451713,0.158110193
0.041902409,0.790818029
0.853010579,0.317908277
0.450543273,0.815903039
0.395914846,0.520483915
0.922811685,0.757905614
0.306244519,0.790506649
0.586636517,0.318199362
0.686708323,0.366185254
0.646098061,0.282443231
0.08668779,0.07329767
0.609539319,0.593818658
0.896817442,0.44980536
0.432983696,0.947260461
0.694099228,0.98745092
0.849115784,0.299484334
0.214808556,0.667684647
0.901554373,0.480484434
0.626011233,0.126474589
0.035688219,0.104431318
0.378214129,0.359683804
0.035136387,0.631046425
0.081413105,0.586596783
0.62567257,0.813861642
0.074250298,0.910471402
0.522351632,0.060082296
0.270958634,0.079932015
0.77601596,0.034264298
0.276875545,0.033446439
0.216858275,0.616621446
0.859155825,0.05306122
0.48332305,0.578091567
0.286136961,0.256623968
0.873691012,0.798310683
0.017920203,0.926731625
0.888591566,0.660012302
0.906609429,0.651803837
0.921416964,0.862397218
0.067226205,0.485461609
0.445447211,0.258293691
0.976608005,0.512192586
0.985436044,0.646728591
0.763694447,0.867091748
0.045772259,0.624220434
0.289713665,0.113046735
0.934488491,0.373440747
0.083394126,0.038699751
0.044770486,0.010574817
0.738480075,0.476909642
0.83989,0.359686633
0.276300673,0.102461617
0.138707401,0.790268517
0.041484814,0.595935355
0.964851044,0.918489328
0.696112354,0.586113498
0.274882914,0.654627804
0.552829983,0.845770582
0.255144811,0.527100116
0.580980072,0.202206277
0.24739848,0.084043639
0.185406688,0.999924725
0.40944538,0.379300103
0.857002059,0.832881339
0.957095312,0.721780652
0.980648239,0.061505518
0.241403453,0.528581971
0.516160978,0.906282768
0.807669904,0.191673628
0.217885115,0.789569016
0.950874423,0.065994661
0.318703261,0.239924948
0.260500245,0.680331244
0.82085127,0.624660053
0.648556175,0.229891966
0.272596047,0.635024582
0.955865102,0.194639784
0.446967689,0.42904982
0.368821519,0.618357209
0.273195553,0.99196957
0.769307932,0.417663046
0.875511714,0.361147418
0.739167187,0.01748768
0.182064936,0.732678611
0.205650548,0.560882838
0.817088092,0.226068214
0.661855264,0.879412406
0.995729757,0.185461935
0.124720339,0.251574602
0.744753213,0.728805658
0.462486647,0.496345199
0.784828799,0.831026745
0.566765698,0.836385229
0.938507969,0.471662669
0.55529355,0.442185903
0.727073223,0.215152288
0.448214882,0.432940108
0.394844669,0.884414164
0.003332814,0.202166747
0.753714549,0.460345403
0.321249565,0.727760279
0.203454899,0.194229968
0.089970077,0.962044858
0.003253842,0.216123004
0.7607225,0.622087542
0.239340592,0.810443582
0.825417395,0.321633725
0.059496415,0.364298314
0.980861576,0.659817431
0.911114557,0.514853889
0.791594353,0.066183834
0.990968065,0.351032241
0.45549748,0.902043143
0.943939652,0.965603351
0.433634461,0.028457496
0.314020019,0.768895969
0.188286615,0.421819562
0.431731322,0.888862406
0.019928944,0.752137398
0.751048004,0.48992917
0.644339925,0.176083264
0.771309246,0.855577456
0.701273487,0.251751205
0.766168506,0.506757344
0.464555048,0.199078319
0.132748611,0.507066246
0.792828179,0.280411559
0.136429693,0.715053965
0.213931026,0.165120783
0.006436156,0.557604387
0.856829107,0.68210551
0.303217659,0.627078342
0.546860273,0.389276945
0.16374987,0.295693291
0.514151734,0.02698809
0.142124192,0.111635356
0.160147005,0.5630141
0.527398364,0.951599514
0.060222294,0.799520764
0.84166172,0.426848834
0.967269565,0.40478138
0.321521318,0.228014946
0.569274213,0.668184524
0.625820953,0.282088719
0.161633836,0.031343544
0.911511467,0.456092959
0.747342531,0.048584034
0.057287311,0.177378458
0.989998863,0.334317992
0.38618399,0.844134446
0.185883023,0.123194703
0.852605842,0.646549469
0.886965194,0.850160799
0.523297553,0.141773125
0.83895459,0.161638552
0.712786117,0.344052335
0.422574988,0.116758616
0.978400532,0.330079467
0.468875543,0.01686163
0.127305544,0.301061783
0.362294382,0.663444833
0.579843706,0.790223015
0.942257568,0.470309435
0.727148823,0.613806541
0.272762267,0.426080184
0.88154441,0.704847768
0.724391027,0.304572814
0.427600372,0.528694137
0.034711695,0.254538126
0.448254656,0.290613859
0.844408096,0.851951873
0.426736374,0.724602669
0.779645526,0.337756782
0.97051374,0.549793183
0.811535594,0.857686301
0.352486707,0.30771534
0.330100056,0.046767355
0.031665485,0.706709915
0.047979511,0.845955469
0.446960369,0.562486212
0.652199672,0.491863428
0.244336129,0.534910354
0.965537794,0.682624501
0.168541712,0.24614868
0.112115767,0.360349393
0.472533508,0.35034467
0.411060638,0.967253668
0.897385852,0.774892557
0.583951297,0.34310045
0.042907516,0.859939536
0.207476735,0.170116122
0.073552294,0.114464807
0.113615385,0.335588072
0.279930944,0.930789302
0.494812961,0.346773743
0.402721864,0.654917289
0.943664618,0.283050159
0.878787163,0.925698114
0.750923474,0.057566698
0.690636877,0.78282831
0.24667302,0.177921599
0.008392441,0.8594781
0.781452595,0.207768565
0.344115369,0.650910398
0.50073401,0.128632178
0.732458232,0.050448565
0.460355956,0.06708488
0.162568057,0.303085972
0.384188365,0.778877854
0.879256309,0.356552186
0.232693402,0.161139425
0.867992518,0.238386501
0.729528096,0.905139889
0.182683636,0.829332857
0.55398153,0.74998691
0.310173291,0.153751703
0.143350085,0.139532723
0.800514341,0.842867721
0.762439606,0.841063325
0.402042855,0.694201096
0.445706489,0.619441847
0.74520412,0.086336125
0.943368261,0.468518199
0.255912196,0.359067351
0.108604535,0.171966644
0.293021403,0.590768266
0.204351341,0.547283076
0.088315209,0.086344593
0.984793416,0.43537567
0.096394749,0.966610406
0.857178275,0.157180866
0.178331927,0.289485371
0.108548014,0.399221093
0.743288527,0.755224348
0.097319925,0.782155998
0.737613913,0.577649535
0.292120443,0.964756203
0.479180016,0.402953418
0.792767776,0.920665641
0.297980401,0.272925028
0.494113204,0.251543815
0.265997361,0.210059709
0.081220786,0.126547471
0.130149667,0.936894036
0.23455532,0.369422004
0.828518943,0.163339852
0.295293474,0.831969882
0.943786132,0.586166272
0.618969165,0.744181846
0.214957018,0.820045946
0.631460857,0.774751249
0.844998167,0.247119792
0.832019022,0.207244954
0.778323304,0.521131529
0.950325739,0.415926171
0.220284572,0.375118734
0.575561485,0.61310661
0.101668264,0.975495026
0.034812207,0.885197847
0.285217267,0.78208439
0.410424264,0.914493845
0.109017893,0.444943712
0.206444535,0.370976525
0.495850414,0.131706475
0.467451457,0.687704114
0.530213683,0.909266268
0.895629481,0.086561567
0.958033421,0.563469695
0.897208269,0.473254598
0.435436359,0.317602133
0.184779706,0.473367206
0.095364159,0.92371911
0.920172117,0.362865449
0.393889961,0.30755475
0.798689611,0.601984749
0.57180202,0.092123509
0.193701651,0.751300733
0.358537935,0.615411588
0.015426969,0.531875765
0.025783221,0.17924769
0.958520085,0.254437032
0.182787898,0.365607504
0.089139314,0.943724765
0.494737553,0.314235781
0.852540247,0.534732772
0.834442311,0.306777312
0.582167711,0.832706551
0.467525562,0.316861473
0.505784227,0.390754
0.600610927,0.582105952
0.76978666,0.329512429
0.748054067,0.969933362
0.325883155,0.046350735
0.387693662,0.104368811
0.984154369,0.683980733
0.989584807,0.22308761
0.076662998,0.771512512
0.129145117,0.025240905
0.164046136,0.672072804
0.516707777,0.121552664
0.478546471,0.114868803
0.163167961,0.024948233
0.911918771,0.829734342
0.591527098,0.30330411
0.571886973,0.900253893
0.51977658,0.414238986
0.144506292,0.799001417
0.132305074,0.964582126
0.839061043,0.92795996
0.400620973,0.36715649
0.708503851,0.337953054
0.919972922,0.094921384
0.94067972,0.366738856
0.783642002,0.773443736
0.240254543,0.886736852
0.702446805,0.999647535
0.481319887,0.53117965
0.901217628,0.420966899
0.234213606,0.501645793
0.488405872,0.709015599
0.036035069,0.769550992
0.441051939,0.875763873
0.043833867,0.89630521
0.897894091,0.947751973
0.578535441,0.19696562
0.532380749,0.095819969
0.130032668,0.701204511
0.314827679,0.643680067
0.331486301,0.877001823
0.71685322,0.366973124
0.284697975,0.18299358
0.461867588,0.976695698
0.808741848,0.5941756
0.72953926,0.157103496
0.89952053,0.567348609
0.483397916,0.211460545
0.840405333,0.089190223
0.554676275,0.525463255
0.535313967,0.385442607
0.823989365,0.759037456
0.384537471,0.888778757
0.689129142,0.39693489
0.922488798,0.157149073
0.112437981,0.257005512
0.561870698,0.701039642
0.46668793,0.734027764
0.159354892,0.736180959
0.043659456,0.403327594
0.697385358,0.554592576
0.226969569,0.483843288
0.522307455,0.959836118
0.683218117,0.262002079
0.708380372,0.761086608
0.651045353,0.80932016
0.306448847,0.842404202
0.202023258,0.129888258
0.95603378,0.593343422
0.565378922,0.661216374
0.885652612,0.910557185
0.70539727,0.442119269
0.547235445,0.745693212
0.878971786,0.122876556
0.357313851,0.063732778
0.344728247,0.637396337
0.748723001,0.742918619
0.790708545,0.729371348
0.656777356,0.411426261
0.008529568,0.34116754
0.403172573,0.446771266
0.023981226,0.893665749
0.563604936,0.476864169
0.670170134,0.815339397
0.847431349,0.136646303
0.429335415,0.18426721
0.12781236,0.287217355
0.655115995,0.064408249
0.104127714,0.644348484
0.632754575,0.625940213
0.322338964,0.742426503
0.092031057,0.074192375
0.070029523,0.389738471
0.765505398,0.100244247
0.300173683,0.120642135
0.399707766,0.898775795
0.985253865,0.931451726
0.474254838,0.569088296
0.954739771,0.631305082
0.943473142,0.663465786
0.648642315,0.023542032
0.350518836,0.720187047
0.189174641,0.788421431
0.017775048,0.466904743
0.73691567,0.558085238
0.23890985,0.923286483
0.497428647,0.069737021
0.336120199,0.604886275
0.326617002,0.404837048
0.337460466,0.524091994
0.814861049,0.372413485
0.125600089,0.675002165
0.966679306,0.982055965
0.135160144,0.530119496
0.674422966,0.826834087
0.566300231,0.697133068
0.469528604,0.158672733
0.706941362,0.196876361
0.014592553,0.304420008
0.684839862,0.798907654
0.304532856,0.399127273
0.860194835,0.692218208
0.363288665,0.178789173
0.428015082,0.600063684
0.551005498,0.397446962
0.244844968,0.44439681
0.331576316,0.49642626
0.815951783,0.197373696
0.036858202,0.094285992
0.930035279,0.266908718
0.591486261,0.780403752
0.744432706,0.376640676
0.399447597,0.526104
0.383436618,0.595106473
0.350077731,0.679374216
0.413529371,0.337629055
0.447352268,0.352742857
0.414445079,0.397847021
0.887623033,0.211932934
0.880819668,0.934054797
0.67951131,0.605740866
0.153177928,0.393947709
0.216758537,0.943618032
0.557983168,0.473985229
0.245189701,0.991728044
0.292221432,0.277656289
0.731695646,0.81148801
0.545415956,0.780940686
0.490522374,0.539693496
0.480665873,0.960331335
0.612891117,0.581391079
0.055339133,0.954052695
0.386126153,0.119449563
0.73706832,0.511235767
0.936651271,0.510245337
0.703022798,0.139934776
0.618314032,0.980434311
0.83297967,0.951566387
0.812463626,0.075298255
0.12923319,0.508355022
0.436978512,0.339041697
0.769213632,0.99891336
0.529875073,0.591840313
0.098390156,0.417104131
0.297771566,0.042948103
0.676530691,0.477182917
0.996543722,0.938173674
0.833917927,0.256186788
0.134643899,0.776971502
0.015941503,0.396415738
0.254451666,0.654021314
0.59488177,0.24928984
0.038246525,0.873647675
0.897336701,0.836443674
0.827587312,0.472349807
0.808776317,0.871329727
0.04896558,0.768392394
0.262491562,0.897112477
0.488539828,0.409724
0.395001079,0.595828887
0.786867649,0.58635936
0.509105162,0.342978489
0.9293969,0.669519547
0.992985242,0.724147462
0.162748752,0.027570794
0.266350686,0.795774486
0.683739773,0.758384983
0.571474252,0.103796722
0.3828029,0.207409043
0.596028737,0.282540839
0.859607932,0.402868063
0.026299206,0.553600473
0.116858658,0.045730445
0.365497641,0.336590953
0.924268896,0.169862103
0.081339253,0.104154538
0.433074821,0.925599477
0.778137146,0.566281516
0.133790595,0.18671095
0.653787649,0.075235314
0.564997752,0.465241845
0.843000323,0.732198406
0.972161281,0.231101122
0.31956387,0.523785316
0.544275932,0.697368186
0.913995136,0.363000572
0.439177859,0.362004729
0.022645067,0.966658695
0.693283199,0.753169442
0.48021895,0.302202707
0.467842162,0.747632004
0.388221867,0.267082685
0.734198635,0.369781171
0.691898983,0.630693831
0.814551768,0.727140772
0.65675433,0.821295152
0.369551836,0.760800916
0.509171484,0.387973339
0.364531352,0.217974846
0.844011217,0.68662913
0.255397036,0.442928041
0.056988279,0.622345892
0.778177825,0.732722136
0.719667326,0.041039741
0.070529767,0.914698931
0.214524096,0.899949523
0.60249872,0.251985152
0.459005828,0.107791201
0.808787998,0.977742569
0.837425034,0.162320572
0.610142085,0.594743239
0.987098057,0.203291248
0.985604805,0.525278322
0.942954301,0.91154391
0.419217897,0.105550387
0.840007878,0.243450991
0.254828859,0.353286074
0.549942221,0.133286953
0.611333673,0.060198842
0.812245889,0.324701225
0.701560285,0.016402288
0.487753587,0.826118013
0.408156943,0.870983964
0.98246597,0.220255926
0.45380436,0.729966388
0.567135229,0.370594746
0.576127124,0.153498609
0.745067386,0.375909103
0.101763266,0.3562401
0.468499414,0.169841756
0.005404774,0.948082384
0.884108215,0.400846964
0.921983814,0.124590728
0.005588926,0.347645247
0.79283838,0.504188519
0.006131651,0.140373958
0.603789826,0.465158527
0.788594832,0.888886513
0.755857803,0.531950522
0.950465719,0.331003055
0.203185353,0.303705915
0.471381748,0.552866521
0.413705459,0.522448881
0.506069854,0.307334762
0.618844347,0.772388832
0.284499338,0.287503995
0.122800072,0.639692533
0.000856403,0.020795853
0.625776738,0.458217139
0.538505358,0.657750599
0.70150173,0.738950291
0.511947566,0.772036596
0.248416535,0.098857578
0.166239503,0.22546022
0.520182096,0.309449439
0.39723275,0.352431077
0.46253323,0.57111337
0.042015653,0.346667403
0.138309834,0.12671163
0.126456937,0.594165746
0.411049849,0.85706548
0.501600347,0.480582794
0.444802237,0.002091759
0.242986002,0.135005602
0.931498542,0.342884445
0.461740889,0.019098125
0.03629398,0.13311877
0.671636281,0.580405218
0.838154768,0.372263371
0.448439705,0.491923765
0.861515938,0.556434569
0.263529136,0.008025147
0.507778624,0.403323739
0.549791466,0.370023526
0.749977253,0.716100685
0.304729231,0.504371571
0.899685578,0.320042934
0.3512524,0.113158886
0.223393965,0.070363339
0.23754834,0.473073807
0.246837114,0.297203576
0.525349581,0.390750435
0.88323607,0.019057171
0.625554682,0.606093331
0.121086054,0.398623099
0.750363953,0.349474296
0.60164194,0.499786204
0.513942839,0.508691598
0.721560882,0.836359987
0.127210319,0.920850361
0.330731936,0.544752202
0.093975298,0.308478661
0.161368617,0.25771325
0.068385218,0.80585829
0.408884211,0.801389377
0.491139796,0.112853924
0.716066508,0.849621686
0.689727934,0.570199275
0.724458165,0.136566534
0.489999194,0.399010689
0.017142503,0.199525425
0.162698793,0.239707851
0.736410707,0.888657612
0.81613241,0.221906111
0.257962958,0.40571215
0.825404112,0.975818632
0.387653888,0.884256706
0.394498018,0.95523082
0.623919311,0.860697533
0.266091829,0.984918959
0.909159023,0.345509021
0.781619031,0.258408033
0.542354125,0.378884092
0.036159356,0.793627044
0.827574225,0.547739042
0.054771553,0.562516086
0.203796651,0.988365443
0.403352183,0.666521159
0.618503083,0.243678258
0.827490542,0.433808422
0.165018735,0.018020407
0.913532153,0.87800562
0.756397437,0.832452216
0.848149724,0.147985936
0.073382692,0.871575638
0.70676243,0.768350584
0.617948429,0.622050866
0.080744983,0.155342959
0.95797895,0.628609401
0.489151105,0.32339281
0.583803882,0.852214242
0.407389651,0.807281175
0.270240697,0.6684376
0.653046576,0.765364095
0.037591127,0.004452829
0.759322087,0.539653804
0.983539744,0.477062417
0.306823018,0.816623948
0.092060609,0.540756016
0.388081875,0.582605167
0.478280446,0.51168055
0.027494833,0.368751602
0.225223327,0.255493035
0.246927963,0.408147338
0.625411971,0.607224395
0.654402945,0.774464918
0.12838417,0.596003918
0.236711464,0.726837898
0.373199263,0.688086201
0.968709043,0.581016923
0.626753344,0.957622513
0.306661591,0.105108401
0.345005763,0.507107771
0.804432827,0.873794509
0.339893156,0.075646669
0.197829035,0.290508473
0.672060029,0.707095418
0.944915711,0.864822178
0.446720266,0.563352797
0.319929399,0.314425492
0.667686003,0.374466195
0.077923285,0.026692191
0.09167196,0.882738936
0.14651155,0.838431829
0.799964947,0.043337657
0.603226931,0.999242976
0.615385193,0.152624815
0.362352314,0.156081554
0.635333061,0.357709334
0.549248247,0.433834171
0.672155142,0.816083334
0.913590822,0.881424644
0.876394852,0.032277904
0.656843365,0.589790494
0.369698943,0.221376385
0.890525477,0.090549013
0.613330787,0.95937899
0.995416924,0.758381445
0.73121004,9.09775E-05
0.388138085,0.942206715
0.025333177,0.673037644
0.235477332,0.677548222
0.43539991,0.201652195
0.076389595,0.642014432
0.255038835,0.815276054
0.977898886,0.131423315
0.618124263,0.455445676
0.558420847,0.927459531
0.173535831,0.180127311
0.960203828,0.675426918
0.799334344,0.365287899
0.816031017,0.40192517
0.042642199,0.690696197
0.313784013,0.107801632
0.474354658,0.023490372
0.98048894,0.149230642
0.245905745,0.00356896
0.119391857,0.76046316
0.793629509,0.58662062
0.56541638,0.572133654
0.198397999,0.529807606
0.112743062,0.694059156
0.919420493,0.807414797
0.063860812,0.602918077
0.474950234,0.119188014
0.900845562,0.530663665
0.803440703,0.102115289
0.347043466,0.19749465
0.53356064,0.166650369
0.753651268,0.168454111
0.765582164,0.336980463
0.632468378,0.957327015
0.604204342,0.828504161
0.103479186,0.915127385
0.001178363,0.344052443
0.107103629,0.575856801
0.536518663,0.593773504
0.577239776,0.420803335
0.703991322,0.961084161
0.961837157,0.029303681
0.648556336,0.068695352
0.29403475,0.252958087
0.75038533,0.215147857
0.958883227,0.320343303
0.194479647,0.19210783
0.845024496,0.853768513
0.837926064,0.580905133
0.572016909,0.319279304
0.245305396,0.381319411
0.890765615,0.341902696
0.590411057,0.579729187
0.739851131,0.297150492
0.587585476,0.241139904
0.540245464,0.64458143
0.7499138,0.536404382
0.945240376,0.502972445
0.220898358,0.134940395
0.441379688,0.57212971
0.248301113,0.298526326
0.410843393,0.772255947
0.526022348,0.521667772
0.796985947,0.709846243
0.517063106,0.863816435
0.795353413,0.782816721
0.492980453,0.815333922
0.680754239,0.933726021
0.078869715,0.65198379
0.02643853,0.431939711
0.639556669,0.935841895
0.350021982,0.284622635
0.708597217,0.910267033
0.052880126,0.811400256
0.033760088,0.2040338
0.577136883,0.537026086
0.015200418,0.362989642
0.510564483,0.646735358
0.041035772,0.114741133
0.753627562,0.891051835
0.665947977,0.789360934
0.202429996,0.055908073
0.513721655,0.161306025
0.175280638,0.503542081
0.005296905,0.543431818
0.559429618,0.225444195
0.783242306,0.524078296
0.707745541,0.866645741
0.57227883,0.311965464
0.488901743,0.670763243
0.403309294,0.156454889
0.353699916,0.38260795
0.027880704,0.119603513
0.943188708,0.446904524
0.884429356,0.358891775
0.483270418,0.709956438
0.826192453,0.534092194
0.161856774,0.363695849
0.243443602,0.012620624
0.67746471,0.015067549
0.726610269,0.628398093
0.001853355,0.431116716
0.668623647,0.357332781
0.829512488,0.262968961
0.106326052,0.595047978
0.251189448,0.234541999
0.6851475,0.049750005
0.157440396,0.212085929
0.504661698,0.541009035
0.226799301,0.726841153
0.337755203,0.499992926
0.841436913,0.326113115
0.550094457,0.152790973
0.284580981,0.813061195
0.910551977,0.763275101
0.679441077,0.376714131
0.801108967,0.00956094
0.015522682,0.339519241
0.797426981,0.602096409
0.46237965,0.654395316
0.313483542,0.492697461
0.885439923,0.828262671
0.576274439,0.923929197
0.062326611,0.653714677
0.332336174,0.874613537
0.833596524,0.371309159
0.357127177,0.807536891
0.736908271,0.909929017
0.273807339,0.109702557
0.406980692,0.580678424
0.416723643,0.798752087
0.838844874,0.741080225
0.132523102,0.805582899
0.146281547,0.331017476
0.676013563,0.54867742
0.918554142,0.545404213
0.064281113,0.656786098
0.737124804,0.038187714
0.096136659,0.123586292
0.824498578,0.946236556
0.986052626,0.984926955
0.952991214,0.852080555
0.639255298,0.69025185
0.860598818,0.601438664
0.251024707,0.885714824
0.35892953,0.494454619
0.393459275,0.380566743
0.764347658,0.685467029
0.043094401,0.976903596
0.334045355,0.500270737
0.747907252,0.232213861
0.937993343,0.526572897
0.96307131,0.593373562
0.95201739,0.549356655
0.303696265,0.55023727
0.433740943,0.361894516
0.959616864,0.608090545
0.190367758,0.723206056
0.116058329,0.289884677
0.56796296,0.1921127
0.432769174,0.582150464
0.318646801,0.078879284
0.977558603,0.13664882
0.727058708,0.30865256
0.449235553,0.9439626
0.010758643,0.837317234
0.05793833,0.285111653
0.475735118,0.052505897
0.387772567,0.672880263
0.287549871,0.893601918
0.660890916,0.096107461
0.621173009,0.361677743
0.62108678,0.29745802
0.813050452,0.165306318
0.132513487,0.297936802
0.55806484,0.528461615
0.91111123,0.618255775
0.870959536,0.623893486
0.003128141,0.522841256
0.792537759,0.975818837
0.218525301,0.543617723
0.966244692,0.164915572
0.362366404,0.150599726
0.35383394,0.064887487
0.665952261,0.94975408
0.727966936,0.859530637
0.092345576,0.258750102
0.535226908,0.095766399
0.368985618,0.496835213
0.706016768,0.445971667
0.107873748,0.781399746
0.380595514,0.788858497
0.342743439,0.274366502
0.179983191,0.520843887
0.017893047,0.703659013
0.741746183,0.978596619
0.057391546,0.299365306
0.361398151,0.158020497
0.645823366,0.563360584
0.133827876,0.079971773
0.319157561,0.461833245
0.499733918,0.817631722
0.392460726,0.736459608
0.393867695,0.592573649
0.61819483,0.671878341
0.056064114,0.915785237
0.643437336,0.409626849
0.291752762,0.33407452
0.365389765,0.961990356
0.052524056,0.688304594
0.12858826,0.906335894
0.410110492,0.119795126
0.069986881,0.764691492
0.193534236,0.025749617
0.913169473,0.123176609
0.179761525,0.063836052
0.533837333,0.216380219
0.835066404,0.126899369
0.276677991,0.587088038
0.736303756,0.326336956
0.238243513,0.712032082
0.161577233,0.418628784
0.261280917,0.616234185
0.439823475,0.283676195
0.724571449,0.05071376
0.326258539,0.075232674
0.736213439,0.017718043
0.840882018,0.896943435
0.246941724,0.443435664
0.40842663,0.940841889
0.271687602,0.877573343
0.982476891,0.934787619
0.42106209,0.573880412
0.467820963,0.222963742
0.142869471,0.109768994
0.323126074,0.984895451
0.810457935,0.742435035
0.793294821,0.111343861
0.882499855,0.990056058
0.915123558,0.747952314
0.81917933,0.543047796
0.374800339,0.638471757
0.062072108,0.872023422
0.260397468,0.097055457
0.567394591,0.758516645
0.726248963,0.210270477
0.158549056,0.482920148
0.425005163,0.062884365
0.102252722,0.008072137
0.130026111,0.608633379
0.435897117,0.494923241
0.729615285,0.037700564
0.22882787,0.396475008
0.6920852,0.015278371
0.962207765,0.269858931
0.024620084,0.007901321
0.671914966,0.967935363
0.351370931,0.398717964
0.052005288,0.430288691
0.754231635,0.701778006
0.189971304,0.99820926
0.155974144,0.661544849
0.180821281,0.29213495
0.90778407,0.929441711
0.312279958,0.460395901
0.935526582,0.007276609
0.852969231,0.736081503
0.091448181,0.23795387
0.320752858,0.037347634
0.367023928,0.684399012
0.68977042,0.409441672
0.317228875,0.79744802
0.946722311,0.084089276
0.0391641,0.117784977
0.809619373,0.20488692
0.152271344,0.230540314
0.416541811,0.648948387
0.790602824,0.014938976
0.68762099,0.938594444
0.674160762,0.083001168
0.553755376,0.784391443
0.319266453,0.011754926
0.983281502,0.964943085
0.259050055,0.97077437
0.895109497,0.370375925
0.462723079,0.875315739
0.843334413,0.231919604
0.925288025,0.542524254
0.841475669,0.434832638
0.486241578,0.317564544
0.175673128,0.496123442
0.191978095,0.599936521
0.871260594,0.137721092
0.884891101,0.544577573
0.300468298,0.163720619
0.062746715,0.239837636
0.07664185,0.770887487
0.731319071,0.089893561
0.197896912,0.415898812
0.539365307,0.821070366
0.658006545,0.04647308
0.918758816,0.145671831
0.031435027,0.85091904
0.225821377,0.725222946
0.008195052,0.617916682
0.46076311,0.816447498
0.844785382,0.055729625
0.280311413,0.194343805
0.979821055,0.440013253
0.824439536,0.448277349
0.317064315,0.687071618
0.675977828,0.509658965
0.967955872,0.826929079
0.325562667,0.99452277
0.084282688,0.000933807
0.93479968,0.518623873
0.471017127,0.71089303
0.723854707,0.455537724
0.221759851,0.839262742
0.42593553,0.034857175
0.732251423,0.47630006
0.112684472,0.407269169
0.011979642,0.086872805
0.757462077,0.040150811
0.637279658,0.958468097
0.011782657,0.226568455
0.633351424,0.904161707
0.396710823,0.019533376
0.609496143,0.501328925
0.150792304,0.263631643
0.59547596,0.039255492
0.486796008,0.918926225
0.440923087,0.731548566
0.35642757,0.682940055
0.297396605,0.040476632
0.568325711,0.746373471
0.327494687,0.959220235
0.430320936,0.137652643
0.186542973,0.511933111
0.383553844,0.381192216
0.624963464,0.450762667
0.866791369,0.04471601
0.920677018,0.265997945
0.539678888,0.033050718
0.866115908,0.198867621
0.195529853,0.27420923
0.170674535,0.975640321
0.686111984,0.046645405
0.403046126,0.561921656
0.232183709,0.430203586
0.520618751,0.082577317
0.784856211,0.78057749
0.015710615,0.451169036
0.571779386,0.519163953
0.032357138,0.96885901
0.991700225,0.898497424
0.804834333,0.523899695
0.679024532,0.233991621
0.133239174,0.447985996
0.084330294,0.408945746
0.506086905,0.82943161
0.734816728,0.850106064
0.461796639,0.861879509
0.075145676,0.780528526
0.840201613,0.890175944
0.135654579,0.139826668
0.928026348,0.548986737
0.060269158,0.740565498
0.873200742,0.222143114
0.827400993,0.971361176
0.813851371,0.452901292
0.953299334,0.73390339
0.053132214,0.864819538
0.976221579,0.246973533
0.603074108,0.464351213
0.410912535,0.631385979
0.658419819,0.569893291
0.57037645,0.995959805
0.224097394,0.474214161
0.102021504,0.8022161
0.247324695,0.048761602
0.954483758,0.112130559
0.372417625,0.562693224
0.138421028,0.845674125
0.72257522,0.124461603
0.135646036,0.06219495
0.456471649,0.502959639
0.130926936,0.932082976
0.892463402,0.550062894
0.399465386,0.43420266
0.371453609,0.946691609
0.676002296,0.689297675
0.192499503,0.694675959
0.209908329,0.076154726
0.750787033,0.026249147
0.868873222,0.665135496
0.336026232,0.256173565
0.25583248,0.311090405
0.790971566,0.06617413
0.308055179,0.472359135
0.780871908,0.873171956
0.910807064,0.222572604
0.11045895,0.454636281
0.583364689,0.825456778
0.996422161,0.016485502
0.018478393,0.485889649
0.596116469,0.832213855
0.213332276,0.802892673
0.78263821,0.943044841
0.471715086,0.607373837
0.358672051,0.113391513
0.650814624,0.760708754
0.962567272,0.734658401
0.094807754,0.40451763
0.44425252,0.851946328
0.42158467,0.834254699
0.945864141,0.821685381
0.444559234,0.904977408
0.417214905,0.156862558
0.989042615,0.060353433
0.249652677,0.131704103
0.351388137,0.835000274
0.337209339,0.564473273
0.069204647,0.897135152
0.134209743,0.013414587
0.819509676,0.106640194
0.898524002,0.033418008
0.63614125,0.714447386
0.557695985,0.49656417
0.950335831,0.426090389
0.0014527,0.640015169
0.611710068,0.092581262
0.566033439,0.152810143
0.657102954,0.640306651
0.300493797,0.336349452
0.932363417,0.335044
0.334049386,0.475686795
0.098360676,0.5287781
0.547142211,0.868212736
0.965584608,0.881533351
0.653834679,0.213331687
0.774362478,0.052187921
0.088978584,0.905059237
0.219603401,0.319375136
0.059130369,0.76948643
0.762858273,0.548100971
0.993623963,0.258296089
0.898185952,0.21304445
0.470325285,0.444732908
0.190040292,0.881476216
0.66834506,0.531835196
0.572227281,0.108179094
0.900452698,0.313548464
0.385722775,0.425298941
0.260331796,0.074966176
0.985631363,0.795129763
0.742295351,0.153297087
0.83433224,0.349406735
0.147676717,0.612797991
0.680722174,0.654068325
0.866809705,0.707107547
0.374447386,0.988681688
0.876661858,0.678660137
0.929952328,0.542393905
0.429956223,0.834054746
0.505891224,0.78495143
0.343769776,0.057169469
0.611336274,0.145896473
0.81957079,0.249621614
0.257068273,0.23425567
0.801920685,0.748442952
0.37625533,0.083382024
0.334990225,0.54322759
0.398206044,0.827155217
0.295691202,0.137891311
0.735051273,0.502728433
0.981761252,0.775449656
0.954303274,0.257014176
0.876062434,0.752571349
0.220763932,0.584352708
0.112416277,0.25661919
0.218251261,0.423504654
0.315462686,0.994218057
0.498091547,0.067794276
0.33068927,0.577068147
0.633619288,0.933808897
0.591459606,0.142737816
0.097808775,0.055244181
0.641266808,0.094395816
0.270810083,0.829730557
0.954168337,0.357532647
0.822979147,0.186639915
0.102181995,0.252532676
0.505700339,0.943459742
0.610241821,0.142282358
0.097308528,0.805286852
0.805699503,0.90524023
0.358432241,0.764988362
0.378423545,0.502202172
0.673859462,0.960604945
0.866878938,0.275599847
0.601310464,0.389552321
0.47025722,0.951518734
0.475910836,0.780796928
0.789758903,0.923710286
0.350719267,0.554480715
0.471822639,0.542956254
0.039996334,0.021693768
0.110798796,0.607611005
0.884003787,0.3832393
0.456453094,0.896904267
0.8666785,0.674988731
0.655098224,0.888521702
0.656799791,0.707903894
0.086968548,0.834981475
0.988186587,0.175127327
0.474615451,0.170735488
0.085930828,0.600278407
0.978646206,0.578494429
0.672173516,0.402907581
0.933505089,0.014470807
0.676338185,0.880506677
0.135072994,0.698217459
0.805738059,0.103472263
0.233342964,0.0970037
0.273024364,0.997672407
0.434956207,0.921696774
0.087503578,0.702297642
0.177503578,0.786237014
0.564263866,0.56447299
0.520784756,0.483183962
0.466013782,0.213278207
0.259917282,0.35701087
0.720115532,0.502182255
0.159557139,0.114272795
0.210849109,0.937638019
0.714489483,0.739950396
0.434284179,0.467404261
0.784898455,0.456966069
0.914693352,0.156472244
0.369330204,0.486972001
0.378116443,0.488795594
0.83929453,0.859292884
0.920733967,0.239610543
0.679623836,0.806443286
0.285472214,0.92574093
0.921497573,0.7385825
0.622479562,0.069095673
0.817420186,0.698435067
0.784100623,0.588796347
0.688970594,0.88779432
0.117367009,0.820109727
0.912193152,0.801989545
0.807101804,0.329595349
0.675806841,0.985478953
0.591443064,0.215378709
0.95099811,0.72463084
0.159046673,0.706737588
0.480484943,0.352539098
0.955582041,0.879112997
0.166451284,0.196097526
0.724434008,0.592306071
0.919945196,0.582675008
0.037841877,0.194250606
0.03336543,0.519565085
0.855277922,0.559273008
0.190302919,0.654068213
0.477534776,0.309947404
0.988503883,0.790892238
0.519533591,0.29819255
0.825816984,0.877622489
0.959550628,0.998671998
0.864280109,0.956466734
0.491725192,0.830498405
0.946646289,0.450855415
0.361342237,0.789353725
0.876899299,0.010347699
0.604912197,0.114301194
0.353108035,0.458802121
0.93476748,0.724818413
0.266472325,0.549347674
0.094260297,0.098139428
0.880669869,0.166225984
0.499026134,0.584644486
0.276087636,0.885591728
0.330330169,0.966465241
0.688676585,0.702350627
0.858261862,0.900819298
0.204036436,0.774895039
0.798117194,0.742277907
0.441141754,0.161481752
0.023105042,0.714502641
0.197047137,0.864252158
0.625235733,0.660697884
0.006605393,0.05500044
0.34885718,0.344960853
0.965857843,0.328531302
0.092728982,0.498029288
0.393151364,0.67309517
0.135759817,0.130218108
0.544391006,0.144487236
0.912489809,0.272283709
0.933453373,0.374443855
0.828210278,0.573488536
0.455420622,0.096669028
0.303604595,0.923012337
0.016578395,0.098205485
0.678675603,0.674150571
0.364620608,0.809578022
0.679095436,0.971640145
0.23597973,0.670238668
0.112163277,0.663986585
0.204731403,0.589230514
0.745035145,0.887910937
0.968996852,0.796140138
0.016362847,0.460125064
0.768536312,0.172009619
0.120392777,0.027546462
0.089220066,0.7329436
0.578610882,0.247317196
0.59223185,0.229055432
0.390575819,0.683218375
0.154525538,0.907406704
0.422761104,0.514589273
0.04503652,0.634292007
0.813432554,0.35845691
0.171357552,0.100717174
0.200081275,0.385174015
0.611695229,0.312247249
0.96873549,0.692834342
0.595216516,0.32544174
0.097349325,0.955801828
0.269498495,0.787001067
0.58735802,0.464911378
0.597099436,0.288113733
0.287480734,0.03850371
0.321070904,0.95315524
0.977114369,0.974098514
0.289662916,0.816701026
0.047606506,0.66824689
0.683000197,0.318265464
0.736496988,0.381678261
0.895596333,0.18195027
0.518614495,0.498602551
0.876403488,0.619293708
0.326219848,0.964974879
0.122240413,0.576663289
0.033693158,0.439407114
0.263587636,0.564365057
0.234095165,0.352640536
0.897713081,0.871358856
0.72194607,0.05398965
0.61238532,0.34017175
0.675543692,0.249323251
0.933566832,0.494651801
0.328999942,0.666624204
0.955838804,0.304019283
0.589076634,0.438904294
0.21104416,0.989123966
0.688396462,0.039661746
0.995070459,0.430345772
0.060067131,0.737366413
0.080739655,0.113697055
0.507026904,0.564585108
0.106299473,0.928959448
0.40995515,0.969036576
0.523572055,0.458435874
0.468257666,0.519852782
0.01367454,0.91237809
0.551382157,0.808857333
0.659517031,0.933173747
0.181328203,0.412135917
0.460630537,0.582493845
0.475022667,0.264662721
0.830307651,0.512554632
0.11816215,0.003087221
0.694920007,0.730664613
0.753124175,0.401872945
0.898432256,0.79525832
0.971384349,0.845961097
0.635847172,0.088185822
0.809699456,0.842505119
0.057881063,0.794376451
0.028353985,0.623097687
0.936427576,0.175271434
0.358187594,0.064495868
0.549600225,0.91847411
0.573220667,0.444631028
0.277962627,0.121639868
0.292067789,0.440410708
0.492977107,0.76897354
0.076166173,0.570188983
0.490272426,0.336075699
0.075203583,0.079594586
0.751889982,0.310447199
0.821778549,0.720420634
0.153158397,0.677329907
0.631311732,0.412188831
0.165882019,0.473112206
0.73474742,0.901612393
0.935706525,0.223449069
0.108911664,0.585660861
0.381849381,0.159639003
0.342495923,0.058420026
0.569665537,0.277044573
0.826421901,0.598740706
0.616239914,0.905025949
0.869572735,0.454855612
0.441917323,0.814390382
0.762363916,0.161109124
0.735864144,0.016563124
0.745851221,0.425992555
0.719327093,0.424569274
0.898411061,0.372782188
0.436760851,0.982582254
0.6477742,0.386186517
0.944499176,0.016794603
0.087790986,0.807900742
0.63936921,0.26587401
0.867170347,0.350498649
0.199030156,0.05510706
0.913113084,0.240715784
0.434114678,0.302948528
0.747448689,0.785929139
0.318812628,0.509519532
0.740456992,0.747298464
0.484125855,0.912678447
0.001337065,0.492360862
0.041292322,0.512038452
0.119732151,0.861892517
0.406173693,0.214089138
0.682205363,0.378782758
0.1515191,0.426378379
0.099555983,0.534217753
0.857370767,0.700175833
0.38128335,0.472199154
0.213460348,0.800256612
0.733725697,0.733187889
0.669267199,0.603219816
0.151813549,0.108192111
0.346416892,0.218825187
0.174594788,0.405378115
0.6538328,0.952380588
0.234539364,0.672444607
0.484194387,0.285608948
0.12606425,0.549465393
0.601130474,0.909942821
0.500417907,0.24110178
0.135094624,0.407853314
0.766265261,0.223186944
0.982434491,0.127058072
0.772055725,0.433771134
0.652844656,0.480033045
0.096378392,0.350348782
0.290826301,0.468313298
0.331228994,0.825926731
0.382029716,0.282013744
0.982038553,0.163295964
0.947830249,0.153752574
0.791898451,0.861034796
0.970334794,0.111504113
0.945197721,0.581343868
0.561010343,0.006662579
0.480797122,0.171194123
0.601878625,0.888936114
0.179438354,0.387646604
0.783588855,0.88366788
0.275178619,0.858529964
0.786353245,0.55626735
0.355392852,0.32052073
0.783027976,0.270811036
0.254754641,0.448927149
0.765178565,0.662034985
0.978807834,0.591993889
0.638969839,0.211982742
0.77967574,0.95722931
0.842119738,0.314057763
0.901573155,0.370405183
0.663930788,0.447494994
0.520731645,0.874572041
0.018594885,0.796368638
0.489000788,0.129309541
0.023837453,0.891588642
0.772996687,0.598788875
0.098666029,0.055989672
0.223800738,0.512330322
0.835918748,0.642373169
0.130381592,0.127267206
0.914111465,0.620569427
0.484504716,0.61885821
0.381201572,0.772462862
0.817215083,0.349132174
0.593109078,0.548434485
0.376487336,0.976385785
0.754682604,0.154624168
0.351697752,0.937091335
0.534342778,0.941623535
0.631209537,0.683048978
0.983303919,0.414055306
0.965099624,0.757790772
0.794467325,0.638617169
0.482355324,0.145501883
0.251288387,0.981498584
0.424746807,0.835683318
0.540968472,0.80894641
0.032319423,0.815913075
0.197812704,0.370180938
0.882674431,0.983171597
0.295508891,0.22659138
0.916695181,0.344349266
0.012501847,0.679665358
0.155514294,0.393225941
0.996939711,0.711655224
0.883261505,0.802993861
0.442979493,0.63396212
0.514863373,0.053072574
0.312568336,0.052772733
0.716964237,0.352051004
0.601877668,0.279432443
0.676938387,0.281124681
0.00327289,0.10783326
0.112320735,0.923387691
0.453420311,0.076973275
0.639489833,0.488941565
0.34718893,0.617724353
0.762641066,0.840200361
0.865468069,0.97270265
0.807212545,0.404989651
0.976200022,0.607215037
0.050697715,0.430118124
0.728478208,0.543446738
0.465589683,0.242064718
0.88729566,0.519883592
0.481237635,0.278594958
0.275835273,0.062449429
0.158769587,0.317690316
0.412013954,0.529295823
0.031661436,0.702557243
0.03563221,0.391659784
0.010384433,0.056566699
0.480896376,0.74795541
0.664026868,0.744396122
0.161559551,0.591515098
0.833707838,0.768029487
0.531039511,0.535642186
0.445197447,0.467850991
0.919103402,0.943587444
0.197893804,0.693568438
0.13948802,0.267040471
0.947417547,0.112418938
0.713583237,0.650020861
0.15538803,0.627720179
0.376060113,0.147217148
0.926352315,0.888368391
0.35211276,0.991240023
0.782241712,0.116353396
0.551337626,0.118451921
0.321365888,0.649376982
0.903421277,0.537635854
0.710132213,0.817558895
0.625121067,0.324221282
0.718640469,0.044549737
0.801191646,0.36169482
0.776129129,0.86850141
0.46288848,0.69311904
0.868564871,0.407296804
0.569419166,0.512020962
0.298000916,0.451825622
0.383242957,0.668284394
0.140975903,0.470888202
0.508123706,0.603587886
0.736650466,0.103259503
0.39254627,0.160605312
0.871681712,0.483923244
0.444611312,0.946556378
0.657662829,0.412555926
0.052605275,0.397073055
0.335810336,0.856889425
0.649630511,0.541932461
0.083857345,0.058241494
0.582132353,0.32057047
0.260145237,0.44300994
0.779012835,0.905100974
0.190418654,0.268052398
0.025038138,0.719896316
0.53104662,0.120348673
0.025426627,0.724116188
0.555408004,0.956848204
0.767218902,0.32059254
0.346010396,0.419872419
0.688786071,0.165854092
0.562875504,0.685986094
0.594314096,0.760176044
0.916873325,0.881862927
0.958926177,0.253817931
0.610967978,0.71463133
0.052605066,0.741095574
0.03840128,0.639804867
0.381145776,0.410156641
0.840493666,0.188000702
0.144988855,0.685851386
0.025431366,0.684555236
0.436160298,0.803664862
0.992795651,0.692831556
0.624886755,0.914961485
0.007523131,0.105519657
0.354362455,0.69661028
0.36321262,0.282798914
0.769528934,0.396583074
0.383382706,0.984965646
0.255742949,0.14103864
0.74839795,0.054001074
0.843185679,0.164590606
0.976413909,0.646475178
0.446293932,0.956450004
0.278572433,0.632424401
0.869444149,0.197076207
0.479307752,0.606824837
0.227374262,0.908051325
0.447243562,0.747570827
0.064508401,0.1231728
0.824062269,0.587105354
0.933701368,0.589126981
0.239800373,0.081031107
0.326731881,0.764271954
0.494231484,0.519328485
0.793384218,0.846206729
0.473730891,0.143503177
0.822956146,0.658523712
0.647612803,0.160692657
0.621264062,0.563220875
0.714741792,0.605901237
0.935067708,0.957103952
0.539948591,0.446219012
0.950944418,0.429101457
0.302316064,0.363009796
0.852941674,0.071059449
0.388766724,0.881878668
0.694692501,0.039345038
0.773859083,0.953703927
0.46682841,0.654569531
0.744225091,0.010170064
0.854487459,0.642736193
0.451538183,0.30781228
0.403125866,0.422932603
0.63784813,0.847650834
0.946006025,0.206792307
0.777184239,0.980000892
0.985852808,0.488864993
0.689639908,0.361799061
0.359478329,0.741633427
0.78157959,0.764108459
0.16273943,0.062221119
0.440984853,0.787541258
0.63634269,0.354465957
0.210077973,0.857961766
0.167553777,0.264015712
0.14487204,0.437943754
0.678942033,0.42759777
0.317339387,0.644432812
0.579923967,0.349589922
0.968742925,0.528184803
0.001011736,0.543100583
0.947461617,0.366814915
0.99966825,0.850206304
0.732389975,0.019474921
0.219935308,0.955510146
0.471219116,0.284577185
0.397580712,0.666865314
0.26321278,0.225262259
0.176795148,0.368110562
0.7601255,0.188479834
0.128516916,0.294829559
0.49542339,0.208374648
0.190489141,0.934137651
0.28502059,0.481633529
0.029378359,0.31041359
0.554088199,0.60757387
0.722242243,0.072759761
0.625003381,0.129822363
0.469180006,0.687207325
0.938541904,0.481667223
0.997972714,0.704553029
0.500348018,0.556187048
0.291918965,0.740805944
0.543085732,0.575575258
0.466152572,0.82360357
0.64600052,0.173873406
0.423491814,0.919336281
0.222827798,0.377290174
0.881547195,0.428065081
0.703273551,0.676126841
0.342503208,0.627059721
0.340763749,0.86381186
0.948592124,0.503602112
0.453195114,0.268615995
0.878486162,0.431339197
0.067010832,0.882284866
0.94718658,0.826795865
0.09383809,0.561960997
0.384291293,0.176052521
0.187193777,0.083638306
0.608543314,0.049637799
0.257644815,0.895995195
0.101931438,0.734490938
0.587120916,0.51358654
0.762944225,0.4872324
0.789195688,0.129093961
0.571161665,0.962680924
0.304728649,0.527877314
0.259270356,0.606938479
0.948245509,0.42557066
0.021479794,0.310679185
0.013475577,0.082731959
0.239625089,0.233560886
0.59822958,0.305832176
0.349895848,0.54091222
0.518414928,0.937181498
0.011928148,0.294757415
0.453583004,0.122542029
0.161902101,0.678895357
0.611346247,0.6281023
0.486418378,0.482368123
0.900550633,0.320202476
0.842475874,0.259175413
0.643321981,0.326224367
0.283639471,0.389871872
0.809086098,0.324425998
0.561598819,0.796657557
0.321451289,0.73159107
0.65630739,0.964268136
0.572089393,0.598855364
0.389775078,0.97182282
0.807947074,0.279254748
0.486076664,0.193276789
0.760133373,0.905831526
0.564865859,0.894102939
0.368098113,0.762397582
0.213000966,0.831325136
0.122750427,0.543446235
0.101607843,0.720754676
0.796748028,0.768297218
0.878331852,0.530391144
0.969676207,0.127194519
0.51224027,0.774921731
0.570132438,0.201238126
0.425719007,0.563479088
0.638969426,0.348424988
0.33831318,0.846911452
0.194577247,0.821529111
0.53651215,0.966799417
0.487854509,0.844576839
0.002337198,0.141977549
0.945888635,0.844827156
0.816995195,0.856082687
0.491656984,0.580005278
0.167027701,0.846575892
0.141762938,0.726453236
0.983486075,0.522683742
0.012104037,0.672353902
0.158975232,0.120883677
0.231853881,0.963145365
0.148150128,0.162248729
0.749459012,0.514651025
0.72879602,0.6298488
0.976599464,0.147637287
0.267681529,0.634616807
0.354814918,0.217497267
0.570437042,0.457909728
0.499033516,0.632130076
0.956531527,0.373857992
0.730721217,0.211210868
0.831795913,0.252380524
0.377967283,0.78326784
0.803777111,0.576272956
0.379010127,0.277759206
0.692650276,0.965628438
0.828809675,0.696615141
0.471583008,0.302092511
0.552974424,0.65017147
0.556247035,0.702458868
0.600465917,0.076414688
0.817960437,0.662680425
0.452676642,0.56850599
0.29634229,0.756240186
0.436411504,0.10999877
0.588173137,0.405519101
0.251604557,0.247695921
0.753379858,0.003898832
0.799348014,0.162850081
0.702783125,0.688579457
0.671182218,0.080743257
0.031179595,0.14222491
0.12651627,0.863533087
0.971282071,0.47761613
0.499608244,0.167125056
0.390078766,0.259238676
0.241478252,0.466428019
0.137529368,0.772168006
0.541465714,0.10998125
0.470227098,0.318925518
0.968598422,0.601054641
0.291016446,0.617475776
0.40205708,0.086371628
0.604941669,0.241479944
0.033874039,0.656786391
0.865123253,0.389993987
0.205641999,0.836370048
0.748732,0.225945198
0.638667582,0.513174944
0.423378998,0.992818105
0.056882947,0.339476572
0.77616643,0.933914595
0.628609965,0.658344443
0.144437916,0.934706528
0.715483638,0.334568277
0.068878217,0.029856236
0.295267944,0.570504225
0.225088494,0.758783968
0.177932426,0.721183904
0.950412365,0.031720329
0.819394247,0.035237084
0.353796281,0.602242149
0.086494471,0.007773809
0.49051804,0.452541516
0.632433071,0.868873481
0.822577581,0.775343866
0.990058302,0.418009055
0.433361481,0.703563557
0.683305391,0.280272501
0.102327704,0.206213887
0.180637434,0.469751748
0.959604599,0.988075311
0.660345563,0.729537758
0.976827864,0.293831952
0.339192872,0.83383387
0.768531038,0.804391666
0.584829018,0.092058713
0.982076802,0.563623472
0.914312792,0.508893991
0.320320656,0.871918967
0.506152599,0.562234602
0.597795161,0.168466961
0.855835274,0.762737266
0.640056007,0.21186109
0.117570909,0.558694803
0.002605237,0.260742241
0.555306842,0.475295559
0.589688687,0.627687307
0.597372576,0.554920467
0.68350851,0.414163011
0.697191731,0.813766578
0.930752699,0.332040375
0.462704962,0.027877922
0.765423079,0.497046722
0.734166858,0.54153659
0.341253108,0.507018929
0.409923526,0.653823008
0.037952651,0.784886471
0.848827922,0.845966842
0.581016728,0.506305465
0.273269633,0.967169796
0.216967397,0.329828716
0.133311789,0.362947944
0.337495054,0.147278899
0.737840016,0.049577494
0.71291317,0.698765476
0.699117961,0.694041506
0.091032602,0.480085966
0.134305034,0.879473507
0.680501705,0.166444638
0.6463672,0.965132982
0.368248892,0.871444737
0.433601555,0.928305692
0.728418153,0.070549389
0.851669658,0.354685488
0.96521247,0.961176569
0.16304454,0.794099667
0.27657041,0.178105247
0.214265584,0.069085048
0.648475639,0.832168669
0.222508198,0.652231551
0.343798189,0.536474413
0.454131987,0.770189903
0.620266316,0.11115739
0.395340625,0.081594024
0.00936898,0.009516313
0.299437621,0.264656341
0.363127734,0.469961337
0.733164316,0.115740314
0.335847477,0.737329212
0.582604139,0.40614931
0.686756066,0.585292213
0.208993243,0.176571287
0.88277606,0.188647422
0.53371389,0.420490851
0.780384617,0.680327641
0.262831696,0.994774879
0.059061388,0.577413899
0.028597385,0.780425877
0.751196556,0.063495637
0.376366869,0.470456879
0.424063974,0.814210493
0.46846731,0.407887322
0.378071531,0.347119319
0.504132841,0.479984762
0.755616293,0.883315946
0.65068294,0.87323197
0.521269911,0.963715411
0.985489492,0.796106569
0.780069212,0.32175328
0.764018796,0.114177595
0.985055068,0.768229025
0.885473114,0.503342755
0.46847622,0.918744645
0.607865779,0.887753398
0.073162062,0.218660196
0.156622245,0.690621092
0.914638712,0.111254598
0.020303558,0.588159645
0.626075376,0.455482436
0.762201341,0.105590445
0.830338824,0.836286449
0.8661004,0.781656745
0.115300334,0.488351272
0.124060963,0.644358205
0.92691536,0.222863614
0.21490429,0.520917423
0.930009696,0.611165923
0.083115288,0.284330387
0.652717251,0.153348342
0.366488622,0.953092528
0.410143248,0.921472977
0.116657217,0.763449242
0.351036225,0.133503879
0.225237301,0.447665937
0.701720968,0.335827115
0.001260273,0.697105009
0.816372244,0.15226339
0.65752567,0.513618983
0.887222275,0.224397402
0.532397022,0.972530065
0.133523892,0.895753473
0.375052804,0.693756865
0.880259425,0.354920016
0.666619871,0.785142598
0.144350473,0.263129187
0.530604519,0.456100363
0.502346038,0.464158302
0.620459486,0.081498176
0.838448159,0.688386801
0.704356812,0.333062345
0.929758947,0.586781517
0.135083675,0.158055735
0.60128271,0.559234692
0.850444089,0.925509849
0.337546523,0.403469968
0.671838087,0.771782368
0.995419023,0.182023906
0.378375833,0.143166088
0.177190396,0.380135342
0.092995961,0.6154068
0.472734313,0.293039334
0.95443015,0.979444828
0.064021055,0.993525387
0.282803424,0.451176373
0.388671893,0.750654994
0.718853713,0.496659773
0.480375901,0.73615555
0.216551871,0.723935814
0.639876681,0.174524312
0.116171599,0.035305664
2.45913E-05,0.555219103
0.748124621,0.774122567
0.180394715,0.689792333
0.178977444,0.425868631
0.380259791,0.529452125
0.100307382,0.339657984
0.290542011,0.763806794
0.373196028,0.972432711
0.891821153,0.827082931
0.323966524,0.846866174
0.526448191,0.838883106
0.710773653,0.760976848
0.30211238,0.079625616
0.220224701,0.513567775
0.457339938,0.49679081
0.353528669,0.822786097
0.998652983,0.719783848
0.426885164,0.566763898
0.860760551,0.422053405
0.109268772,0.446607518
0.045478954,0.18520128
0.296431478,0.469045613
0.689107877,0.508682594
0.066543719,0.627352953
0.391337743,0.498141318
0.370101919,0.493514224
0.633646054,0.498203928
0.860330343,0.479947814
0.652887861,0.200525029
0.666680996,0.327194259
0.48801819,0.335708346
0.065934521,0.992656681
0.734857938,0.677326681
0.724453856,0.403570385
0.238420552,0.759733299
0.826696528,0.721963662
0.046529077,0.849569786
0.890511058,0.55401996
0.068070223,0.470889258
0.025715432,0.401415981
0.724162002,0.104917092
0.237441143,0.07224161
0.315372409,0.577274106
0.38939345,0.459085406
0.459327793,0.845422951
0.621382132,0.21027282
0.026977683,0.193329943
0.515272733,0.38387004
0.902244593,0.748111233
0.51707868,0.014712138
0.1116251,0.052077539
0.19252831,0.829304862
0.654043401,0.237981117
0.117474467,0.641733696
0.729406635,0.0825013
0.04642858,0.971701533
0.139504688,0.186748086
0.028674489,0.009442081
0.50828087,0.701495356
0.036463312,0.105133509
0.995465499,0.965448291
0.686253575,0.569069133
0.992982752,0.262925389
0.031258807,0.875984502
0.934834666,0.748905566
0.972508658,0.867958621
0.266255564,0.37686504
0.867606419,0.633494138
0.265771567,0.598506084
0.82519552,0.031098256
0.480283742,0.924376332
0.400431717,0.124971569
0.839072955,0.629236533
0.393601103,0.257631176
0.467256597,0.258387491
0.078195349,0.985688317
0.451704205,0.124921645
0.341686457,0.697718026
0.947118652,0.751005031
0.40908431,0.295637988
0.36020114,0.660114027
0.750451373,0.97258365
0.767882348,0.011003708
0.403678392,0.681965022
0.364961061,0.176397528
0.197985138,0.969043595
0.528647938,0.141535526
0.335669208,0.094184308
0.855855919,0.979998797
0.642412901,0.788304178
0.772909729,0.518353415
0.62507376,0.198630232
0.009423703,0.654059752
0.242344853,0.059875879
0.196413396,0.002988786
0.91177063,0.678521849
0.000160607,0.974219868
0.6178193,0.781701001
0.032990998,0.915050791
0.843157952,0.409484322
0.900511771,0.820294177
0.056714644,0.842747099
0.211144453,0.865396594
0.954614699,0.055942806
0.515388751,0.277860859
0.833975421,0.118779168
0.969437536,0.373447895
0.152917464,0.009374436
0.010153199,0.914070979
0.790502319,0.277848761
0.122549813,0.082091625
0.314869571,0.546381091
0.559695273,0.826838889
0.113170673,0.343687865
0.318554622,0.283106229
0.689397069,0.794407872
0.173266742,0.736290058
0.080918066,0.232630478
0.053989023,0.399153904
0.309697901,0.401963101
0.566066253,0.867157223
0.763517937,0.552957637
0.019119437,0.440496453
0.516983446,0.166074609
0.564277582,0.07903296
0.103896494,0.119313993
0.693088227,0.152567586
0.638919978,0.518930163
0.74053573,0.240214738
0.553742645,0.605789349
0.344791326,0.818627408
0.128253706,0.048641965
0.813559869,0.581027471
0.702558685,0.173208504
0.122696733,0.758001724
0.063266396,0.078544154
0.614394539,0.484806743
0.834620541,0.424224912
0.780944875,0.168004122
0.956325443,0.145865968
0.09679735,0.675982033
0.302010242,0.0932412
0.571675386,0.692426993
0.636833194,0.926992025
0.652004494,0.826278618
0.857064087,0.444338234
0.562731811,0.892690707
0.396774393,0.716606326
0.665537471,0.251471179
0.494441472,0.919270851
0.772535832,0.094854679
0.365366187,0.146461359
0.992725686,0.126137438
0.719757382,0.786493586
0.279243413,0.851122866
0.406819428,0.651233352
0.644857636,0.532081651
0.227794932,0.968413272
0.212869771,0.92887824
0.256199379,0.218977418
0.16438303,0.413110746
0.734219434,0.617984662
0.175063051,0.611944924
0.966224779,0.789824206
0.794241402,0.485833033
0.090902458,0.968074163
0.264826807,0.596899583
0.101690672,0.596077943
0.543104244,0.248172424
0.97410728,0.196505027
0.40342007,0.453888888
0.992380887,0.964573246
0.804686607,0.155870404
0.606087812,0.469607526
0.315256702,0.965511302
0.369818899,0.209652627
0.397484115,0.817497917
0.17389162,0.085725099
0.018410078,0.644473104
0.106455404,0.50480422
0.630067186,0.925481162
0.126386224,0.660757143
0.763618952,0.740761016
0.243784612,0.1411159
0.443354591,0.665071024
0.810765701,0.410894666
0.801640728,0.611932
0.120841453,0.127563975
0.108342862,0.773664721
0.074006178,0.39808908
0.679879183,0.230940103
0.760627419,0.344153585
0.044179597,0.317292118
0.094634271,0.392973432
0.752302651,0.389815299
0.167018834,0.606300622
0.865226336,0.86268533
0.383712829,0.068419326
0.359203899,0.915414884
0.266274927,0.718285602
0.87744139,0.343641802
0.506334335,0.683127823
0.016982711,0.344835432
0.083745046,0.856203091
0.979199447,0.957515791
0.481686563,0.228859702
0.630040509,0.626793311
0.561668319,0.4828995
0.727733781,0.331905766
0.584447458,0.53143508
0.104460048,0.300721535
0.574754554,0.540080262
0.836336316,0.300476151
0.347828885,0.201703016
0.928901561,0.163640258
0.336938075,0.314279114
0.310830971,0.806314232
0.504513549,0.891090211
0.212938096,0.220352875
0.576847266,0.970012468
0.884518629,0.799568653
0.817973335,0.604461156
0.87123245,0.473302715
0.906393885,0.330423618
0.674896489,0.814714913
0.532751403,0.601239181
0.85371819,0.869418399
0.538018867,0.806357648
0.732025091,0.712054505
0.496092509,0.763534936
0.53222268,0.368189427
0.072939482,0.738852008
0.714820166,0.941842871
0.16388007,0.659999587
0.30801905,0.956834569
0.073604143,0.866067538
0.464169341,0.955853624
0.071131469,0.247838559
0.107398542,0.901701729
0.016574025,0.412524846
0.53557598,0.715418289
0.087218602,0.280172635
0.072843619,0.071702938
0.407703243,0.603699132
0.046748229,0.942855301
0.730792248,0.29296906
0.608964721,0.382361113
0.62075026,0.778979791
0.464890797,0.228408641
0.136982994,0.079510859
0.183849831,0.311446355
0.270537922,0.59463989
0.390267915,0.708475993
0.495097596,0.652539427
0.883953095,0.741122536
0.929739286,0.664352639
0.50950579,0.897777597
0.874577197,0.851378603
0.566530577,0.085012586
0.070881697,0.467898468
0.222379895,0.220133249
0.582237287,0.205726418
0.36067425,0.2021412
0.097839028,0.348165441
0.174138528,0.700276589
0.424725923,0.605431002
0.001097134,0.167777335
0.550048745,0.595699656
0.087106293,0.1071556
0.46823427,0.164223392
0.343154658,0.014594707
0.589771605,0.600190014
0.24514016,0.316225905
0.08749622,0.172942006
0.889583914,0.158179288
0.513027746,0.119896245
0.891476079,0.823007026
0.614987359,0.67459901
0.206431268,0.244356613
0.529863735,0.081315812
0.286515162,0.672448076
0.562048577,0.132323525
0.009143708,0.784325134
0.130798108,0.238705786
0.599176775,0.758253115
0.967983686,0.76622299
0.951943382,0.519374114
0.493739917,0.697032732
0.751005701,0.312041591
0.529254297,0.241968815
0.943837767,0.811139266
0.783781846,0.036978533
0.313296445,0.668386535
0.707683465,0.673270389
0.058203121,0.359258201
0.812322876,0.278772465
0.429213776,0.26894434
0.446988385,0.334529951
0.380774984,0.134744184
0.584474409,0.405806699
0.168328,0.269818614
0.925698448,0.402376662
0.942612063,0.87451544
0.378421772,0.762273169
0.26386376,0.803194744
0.296537329,0.116291984
0.316095955,0.677129866
0.653695347,0.962001145
0.703775554,0.058911574
0.673765995,0.48903196
0.308482015,0.798663461
0.833464107,0.662992568
0.17345213,0.251566547
0.649565831,0.690153489
0.693415815,0.911162734
0.524893151,0.003476504
0.979911517,0.049287357
0.86227559,0.538168314
0.302719083,0.32486567
0.291545182,0.081662116
0.142056495,0.726063469
0.498404953,0.74110546
0.278493954,0.824760849
0.186152529,0.784166623
0.204562825,0.494545663
0.555849895,0.653296626
0.445817663,0.28985186
0.937513856,0.247457368
0.548784253,0.652774557
0.937728985,0.525256918
0.944679895,0.402859482
0.966009688,0.456117842
0.555726427,0.954122803
0.946611002,0.791102875
0.12451437,0.811377478
0.173125737,0.347530177
0.056982351,0.667749689
0.354198681,0.875981234
0.82215363,0.476406601
0.776237866,0.611798133
0.806751901,0.453339117
0.10307941,0.317226656
0.451658483,0.263008645
0.835083353,0.716981278
0.498975393,0.977804486
0.645169595,0.244252247
0.619994477,0.017053067
0.365393842,0.777913288
0.311393345,0.593851002
0.520705703,0.817011837
0.103845193,0.421552698
0.966083523,0.839835996
0.524855519,0.97121519
0.348354134,0.428984394
0.229593874,0.074135482
0.490490395,0.068539808
0.593881632,0.215160126
0.807982662,0.192849612
0.577469685,0.4762103
0.264709371,0.596146933
0.761318803,0.476594646
0.756021801,0.97090159
0.882363964,0.766167137
0.57644311,0.402312524
0.033542722,0.541667791
0.47356505,0.646864139
0.292559082,0.693626672
0.181863036,0.522535708
0.97584726,0.805065996
0.435162508,0.293099604
0.058807091,0.809604839
0.854821017,0.262298283
0.299799272,0.317461652
0.071961559,0.897937122
0.524582057,0.251148747
0.943134305,0.384779906
0.833419577,0.267101823
0.327246213,0.886478835
0.119754763,0.92647699
0.508746862,0.63694834
0.797427004,0.260767656
0.747456739,0.66182028
0.001228721,0.129278323
0.649944265,0.698802723
0.750397746,0.61279277
0.879825634,0.789579247
0.29051555,0.362601923
0.724186083,0.784009399
0.632267017,0.497700357
0.631739134,0.63723942
0.008500825,0.107200989
0.652096149,0.836042432
0.036155204,0.207676361
0.7078376,0.187679816
0.365451,0.161754841
0.219054737,0.642679759
0.14724569,0.810036427
0.135422503,0.25768284
0.526989578,0.510282929
0.589647222,0.028231078
0.539327012,0.370295167
0.553694393,0.446649386
0.808929194,0.410903255
0.743303611,0.606330973
0.210293773,0.800370001
0.048368696,0.18453826
0.888818735,0.94852569
0.347196749,0.938585835
0.733768259,0.188500379
0.157963114,0.285710234
0.013237187,0.416609865
0.580326072,0.963194241
0.94929624,0.519316285
0.174554698,0.937664184
0.78924381,0.451932667
0.488284221,0.001202353
0.62784121,0.468398846
0.155500344,0.68984266
0.525645208,0.686601668
0.719756606,0.082505915
0.272710365,0.61221276
0.744453642,0.752178659
0.154494098,0.249537449
0.169895798,0.072018085
0.530446374,0.397397469
0.748007023,0.634192662
0.775051758,0.85085011
0.411204426,0.807327415
0.779591318,0.413331685
0.093711397,0.490779729
0.943978668,0.495967011
0.890299884,0.446643822
0.246755333,0.599162707
0.891774239,0.139706082
0.429881848,0.674360917
0.916574641,0.217433745
0.82780335,0.971581784
0.119576085,0.96838777
0.182162029,0.156356067
0.389860429,0.841597298
0.778276254,0.990343494
0.047780665,0.721891414
0.761064516,0.10345076
0.61593645,0.423680086
0.59367215,0.645310641
0.847694322,0.08278229
0.097687821,0.548762515
0.379134883,0.176288664
0.619417152,0.180152849
0.83966866,0.439210532
0.937032784,0.253375956
0.57899315,0.538946925
0.004922587,0.689919205
0.417265109,0.800991135
0.477413033,0.604285372
0.511286099,0.215327925
0.241155459,0.428608402
0.987380291,0.690403092
0.063598637,0.145149033
0.522871212,0.566534592
0.625928773,0.022859931
0.276865726,0.454008331
0.673789539,0.370283
0.998657434,0.75122676
0.304381896,0.300166257
0.130562174,0.365319044
0.090967196,0.409854033
0.339997559,0.460921441
0.783594552,0.672401813
0.008477926,0.531507454
0.080545756,0.794143891
0.212188849,0.96556807
0.385091868,0.604624119
0.761839869,0.283373869
0.690967392,0.799029185
0.419512708,0.392277924
0.620646397,0.196500806
0.118605837,0.924039964
0.325942989,0.031259473
0.175335734,0.508892354
0.137957442,0.816980952
0.808138053,0.542994171
0.540986088,0.219384823
0.137607342,0.379460927
0.135829072,0.172126677
0.988246108,0.978965486
0.881651049,0.497555856
0.405394547,0.657970825
0.778112211,0.13936484
0.128526778,0.975865289
0.601603943,0.031048143
0.775565967,0.076673759
0.850134836,0.699893314
0.763938483,0.792689744
0.622792918,0.40575388
0.850603026,0.735984357
0.644471104,0.138361139
0.844163889,0.918154294
0.203786492,0.955533419
0.10667843,0.473303846
0.516623051,0.420290436
0.958834545,0.196483671
0.939464062,0.03760824
0.071127995,0.225382742
0.176962381,0.526382155
0.805175392,0.033389081
0.681214551,0.734950777
0.853398212,0.266309971
0.922106085,0.837275734
0.738049726,0.70835875
0.807219332,0.644795851
0.411845414,0.89620724
0.716662496,0.227732563
0.40843539,0.677079051
0.631389061,0.025406724
0.287867175,0.797338144
0.111296086,0.31536981
0.027734443,0.836952948
0.629557982,0.007144091
0.708960353,0.077043364
0.716696616,0.63747797
0.651085417,0.406575345
0.092657038,0.180326388
0.63315611,0.265835454
0.968897378,0.010496203
0.446588064,0.157506394
0.020497315,0.151775103
0.890772367,0.982135975
0.981719569,0.33538031
0.312834281,0.891032624
0.846067809,0.443812014
0.015283407,0.552882252
0.66374173,0.936208008
0.57261852,0.967121663
0.440971163,0.019160746
0.707668644,0.95570073
0.546930642,0.266233974
0.30431176,0.484781467
0.841573283,0.030944201
0.370436241,0.679035796
0.985916579,0.816855157
0.523973179,0.446347028
0.712657755,0.063324079
0.390628424,0.555329158
0.97174101,0.266857349
0.871061801,0.01493565
0.5126815,0.566746163
0.500263147,0.715334431
0.127239478,0.228229825
0.530663585,0.026754531
0.312786924,0.240438236
0.312084547,0.532021277
0.723592407,0.457713878
0.603297333,0.76985038
0.063269122,0.754683515
0.221975672,0.97779928
0.908651461,0.738658946
0.267003726,0.276734686
0.987785379,0.739579528
0.494124647,0.403971535
0.510399534,0.431033438
0.367048288,0.204137096
0.141501013,0.713041149
0.058132205,0.779598731
0.432559466,0.970692839
0.530495489,0.464533886
0.18978352,0.948520539
0.510445035,0.474249445
0.405791227,0.415703112
0.053604872,0.113074483
0.591410986,0.316251256
0.051924898,0.816383026
0.784886294,0.668332416
0.703135897,0.490901952
0.36748782,0.71804687
0.86226446,0.322633183
0.681174596,0.520250719
0.744078343,0.78677391
0.361196446,0.439380521
0.165598225,0.913743568
0.288801372,0.329537907
0.961858485,0.428005896
0.638811504,0.428144834
0.789602933,0.456817387
0.526702495,0.718152836
0.6870426,0.800711006
0.2710838,0.646821818
0.654913312,0.88400014
0.238508824,0.45634623
0.016001402,0.189862867
0.119676854,0.216273901
0.355448827,0.027171056
0.883509762,0.22112495
0.165418352,0.197474396
0.71783039,0.44854241
0.012120469,0.222134979
0.652582231,0.565716416
0.964369888,0.089137091
0.521859138,0.647142345
0.622138163,0.696807675
0.063712634,0.4534459
0.804066154,0.387412089
0.58510205,0.632015358
0.057286343,0.20362603
0.140252389,0.307511604
0.156175615,0.122818776
0.472165071,0.116348422
0.040920272,0.388104813
0.600574837,0.632539075
0.194307656,0.98777982
0.115618992,0.642123732
0.409960748,0.007554407
0.375876943,0.432738967
0.024322278,0.393885884
0.270819217,0.325776352
0.061677689,0.284069484
0.109157965,0.376469701
0.400131539,0.644276859
0.407138413,0.802899723
0.207531793,0.790986094
0.816449376,0.998331977
0.348802903,0.919707835
0.629359334,0.742718849
0.058142816,0.253464331
0.857081416,0.230374066
0.389137141,0.093261257
0.395828907,0.699126418
0.176138393,0.101557325
0.058772703,0.193870735
0.000116485,0.39553157
0.412771486,0.261767143
0.14909636,0.456127986
0.725321752,0.96626443
0.76291886,0.196269841
0.49848888,0.737641467
0.995144155,0.511138046
0.513522907,0.046930957
0.000635246,0.496556598
0.935331252,0.362011674
0.771855328,0.967761705
0.682772726,0.740897527
0.740797221,0.327165319
0.325124706,0.286074391
0.220835578,0.25046591
0.781918597,0.506401572
0.891509587,0.309041758
0.316250782,0.439713185
0.898450437,0.62194758
0.01080445,0.80708318
0.680289768,0.985841847
0.125472116,0.223302201
0.322691323,0.220480671
0.999815754,0.027323093
0.833373834,0.037651358
0.498584261,0.10701966
0.168959908,0.237257899
0.074578944,0.084107678
0.501155038,0.649941113
0.577188172,0.330742078
0.790726075,0.338204344
0.850469678,0.774587248
0.463194646,0.95322521
0.954936351,0.262516121
0.477731356,0.979596486
0.319624298,0.295235471
0.899486613,0.865638604
0.561488161,0.352493203
0.542265283,0.867982309
0.122542754,0.046491713
0.215680899,0.972581866
0.153999151,0.223175396
0.07075457,0.532088054
0.532415343,0.586294988
0.00663652,0.197703014
0.720593113,0.863266585
0.955054318,0.980995108
0.623782055,0.498257294
0.776102077,0.069663988
0.676333711,0.596810087
0.684385007,0.118388609
0.804018465,0.16538209
0.062872953,0.893753801
0.172669968,0.254826236
0.06947541,0.804902178
0.214113544,0.033069732
0.229176612,0.689097461
0.019372925,0.810962282
0.583255441,0.267127852
0.985312645,0.314429867
0.031410377,0.899770457
0.362464092,0.847096534
0.736276145,0.122068398
0.295197858,0.163094013
0.273351978,0.014638196
0.98840782,0.834811259
0.846469138,0.805420766
0.315345231,0.014609567
0.286914153,0.06599172
0.342121021,0.667924164
0.852496361,0.533320308
0.2398724,0.038077885
0.423609102,0.417388906
0.757519241,0.734822174
0.420686433,0.925715891
0.995894041,0.250118593
0.773658246,0.001530439
0.042520251,0.126601839
0.296935582,0.256861771
0.448600262,0.922828246
0.936354203,0.209814532
0.666060852,0.355810238
0.240767805,0.963837247
0.083117006,0.122933926
0.225439629,0.691521802
0.603230338,0.892858283
0.64820469,0.003788692
0.798177538,0.765066439
0.791021228,0.821051257
0.736583258,0.629140362
0.712463091,0.066998031
0.119186257,0.598050142
0.735210004,0.342776953
0.953300018,0.618099652
0.137974569,0.745041354
0.925576683,0.088913719
0.042081233,0.59720738
0.1294446,0.461049362
0.555133447,0.001769002
0.924094361,0.824001903
0.217911964,0.808176493
0.102515991,0.35776145
0.135943408,0.534363288
0.375512321,0.933250697
0.9861482,0.74992621
0.901326255,0.078270482
0.242783885,0.319872015
0.858102644,0.13509177
0.791870099,0.565531163
0.290586846,0.846636193
0.887695299,0.413319796
0.382545894,0.548955813
0.339620936,0.698443568
0.514641731,0.812335421
0.62835696,0.403133723
0.785984994,0.838107853
0.067998304,0.694049691
0.653762507,0.929229328
0.236560856,0.244567412
0.94953805,0.62492483
0.132732536,0.26505669
0.840557965,0.799117193
0.733472627,0.16729956
0.753282452,0.594690503
0.196727087,0.62538609
0.839544646,0.057582448
0.803187364,0.773701908
0.212763137,0.453629857
0.239849233,0.197707441
0.226772526,0.67102525
0.240391937,0.084104481
0.519323008,0.048798952
0.936266355,0.099362594
0.389502707,0.755380901
0.218583805,0.231739551
0.331318097,0.043645827
0.598663648,0.484501792
0.731247382,0.885915977
0.626582255,0.642154642
0.445048302,0.776051482
0.661919659,0.714146062
0.429057497,0.505020126
0.855473046,0.54104979
0.167129085,0.216434701
0.170595217,0.704835133
0.844376942,0.176021049
0.760187707,0.059581375
0.036835089,0.375664366
0.275342401,0.334090501
0.713072466,0.451524478
0.619877337,0.46708624
0.942610755,0.644687273
0.66405576,0.264451111
0.220575132,0.642082316
0.015330908,0.557081557
0.509401999,0.875650748
0.31823756,0.75718422
0.558365491,0.84264104
0.0583238,0.998824968
0.790459632,0.016608091
0.915863013,0.119405907
0.135235483,0.642557746
0.941352908,0.420034469
0.790086191,0.517333241
0.325501117,0.260451495
0.608965046,0.956830961
0.175865851,0.58159455
0.093531675,0.19816029
0.500699373,0.632541099
0.107371128,0.329932673
0.422997155,0.447737633
0.393137435,0.701552657
0.983399444,0.314927907
0.813935429,0.294990089
0.241467781,0.624349789
0.86636522,0.383219671
0.105516342,0.282252804
0.192430482,0.972264018
0.013307001,0.488617949
0.832586932,0.423098861
0.465993888,0.196028356
0.186412603,0.506561854
0.426724075,0.847805374
0.035322263,0.422454117
0.965548498,0.075238968
0.150348824,0.52366601
0.607063081,0.26680867
0.260627002,0.969629992
0.687430245,0.512601186
0.952858372,0.772502592
0.935445452,0.666371989
0.132590002,0.922020099
0.044090342,0.963825054
0.460608,0.426794445
0.319080769,0.783202669
0.583501062,0.602091386
0.116048794,0.413110785
0.916059328,0.433326525
0.202163136,0.282429905
0.208525827,0.755421948
0.004731754,0.259965889
0.779522499,0.68429245
0.789884267,0.492865899
0.505986009,0.715949426
0.6245938,0.756462423
0.832503387,0.013576603
0.034538449,0.702680436
0.512008252,0.172240904
0.062776709,0.428980134
0.999677542,0.097711025
0.305333828,0.756854684
0.843508805,0.445015807
0.363083516,0.555590037
0.136662902,0.07933056
0.060254899,0.035110757
0.453766891,0.06473161
0.098829013,0.990807784
0.198010591,0.562010682
0.593345974,0.801349623
0.568392802,0.49330824
0.692869191,0.66498974
0.086943619,0.353261625
0.094506483,0.43103599
0.930836954,0.385612804
0.638228532,0.173892623
0.706504399,0.18590985
0.976885288,0.02820748
0.876144219,0.793477697
0.917728972,0.12042385
0.759612267,0.804840817
0.970089055,0.489850354
0.341775083,0.721613308
0.993644815,0.173951375
0.823344706,0.563319734
0.430536513,0.713136655
0.95978381,0.418844839
0.406865673,0.508302572
0.030705194,0.813675564
0.607635131,0.67023515
0.387421138,0.884154087
0.039986808,0.889140969
0.41972416,0.754011287
0.972352388,0.077686677
0.547017516,0.3277498
0.220246284,0.368333425
0.427139234,0.561691129
0.224534004,0.099872289
0.40078753,0.454333533
0.51238889,0.012747018
0.165884575,0.373051114
0.697733156,0.62349398
0.976550716,0.556784288
0.404282898,0.711372102
0.401391148,0.053518025
0.645646318,0.582469776
0.446160664,0.724020375
0.262559212,0.60808412
0.646432477,0.73174948
0.35705855,0.431252519
0.430645827,0.789384675
0.557948637,0.997873383
0.547005242,0.240552631
0.571726841,0.08425523
0.085889112,0.730699778
0.071039574,0.444367911
0.270003608,0.113566331
0.700853442,0.386767877
0.822395158,0.241647695
0.33560153,0.458210942
0.47428652,0.041200917
0.701453234,0.322750781
0.363850797,0.222687435
0.645574124,0.360113299
0.312743153,0.019977574
0.695699754,0.464903618
0.390079979,0.864472228
0.23945247,0.063690609
0.530426055,0.384527525
0.422499537,0.838094756
0.603324945,0.569964574
0.809912779,0.600689286
0.325366528,0.309869638
0.814367802,0.662419653
0.734020439,0.320631565
0.241167873,0.978310418
0.403432604,0.742876152
0.914247815,0.550238094
0.38237189,0.109968115
0.037928744,0.678885537
0.290462338,0.334916715
0.943086433,0.52018659
0.907243107,0.788858678
0.711410975,0.733288981
0.294716082,0.892412205
0.301222754,0.834088987
0.629751669,0.774535935
0.449756926,0.560831292
0.464002359,0.129327236
0.209381663,0.451965359
0.665510474,0.567765554
0.259447406,0.966858909
0.572948044,0.856401613
0.840169514,0.940317995
0.279667453,0.400140481
0.542607494,0.249732443
0.263987834,0.054175283
0.764281397,0.577978145
0.01819978,0.14890553
0.927226111,0.411992443
0.497038435,0.604690258
0.902337495,0.61944503
0.198152808,0.237257199
0.348344623,0.011933658
0.897989509,0.01245414
0.826308519,0.345995778
0.289196484,0.442201857
0.700874347,0.213181186
0.451532726,0.361269557
0.775900883,0.303734044
0.57479215,0.936196156
0.138762349,0.214776656
0.639618578,0.516573589
0.352687636,0.452875693
0.75480534,0.998134185
0.984830868,0.903211796
0.550336421,0.773282939
0.620833149,0.583977867
0.700519689,0.522649688
0.397526907,0.750301368
0.28222017,0.635481738
0.537493006,0.885853066
0.278417943,0.893237515
0.273678069,0.413794911
0.016140004,0.522370836
0.662096031,0.240328349
0.366514737,0.938334767
0.39297292,0.171012558
0.859712458,0.939140518
0.169613473,0.96396405
0.567070832,0.2727369
0.021921316,0.391156186
0.578922719,0.652154292
0.110392955,0.796901212
0.528423017,0.474170364
0.19790655,0.842472127
0.328382409,0.999468135
0.35206913,0.607414163
0.451710974,0.165408934
0.37595083,0.237301099
0.115686432,0.095913688
0.225056282,0.526108651
0.362794256,0.71089404
0.787667832,0.348101001
0.229023084,0.301351301
0.012361134,0.381695392
0.540111402,0.564392845
0.159333689,0.454686132
0.334481383,0.566326128
0.310779681,0.976704391
0.226035967,0.392806194
0.041835591,0.139020116
0.905722599,0.156597944
0.011977504,0.229320206
0.693194285,0.455913648
0.613279243,0.914641176
0.032498471,0.165172805
0.951514477,0.073076417
0.267440925,0.599571527
0.388191953,0.275707143
0.413048847,0.793930654
0.400872357,0.914062284
0.288014271,0.232079527
0.842316555,0.577244816
0.818691382,0.944898877
0.15946458,0.282188389
0.698160973,0.845382239
0.223914351,0.237760754
0.828544925,0.375120103
0.530436957,0.031806729
0.603210375,0.924718814
0.81540752,0.343772801
0.685792159,0.018484397
0.189972784,0.02857121
0.005306095,0.48335981
0.690477153,0.765042629
0.477832633,0.085331656
0.220800591,0.863231235
0.680359545,0.632177108
0.421395528,0.494032772
0.222244044,0.409610585
0.392209078,0.51201658
0.585862026,0.767189501
0.206853127,0.575795362
0.535745374,0.662781884
0.116230513,0.926460489
0.785997508,0.952496809
0.287499039,0.921498154
0.182076597,0.911984995
0.662515433,0.038009417
0.786562088,0.174518355
0.519683355,0.498038604
0.566582709,0.247623123
0.146497742,0.088110523
0.449539776,0.486701289
0.402409565,0.697488939
0.155933762,0.576235214
0.56423193,0.370055237
0.257823693,0.464734733
0.258536261,0.600084876
0.519270965,0.246372639
0.888197524,0.785443231
0.18077249,0.196364862
0.405469938,0.068143731
0.270805424,0.815328449
0.037541218,0.589612562
0.554686546,0.196146596
0.309281033,0.245906477
0.182696106,0.0678978
0.854862059,0.423466615
0.952739321,0.934040398
