0.1599
-0.0827
-0.6896
1.5308
0.7384
-0.5123
0.8709
-0.4106
-0.2998
0.1444
-0.2718
0.1422
0.7230
1.7957
2.0482
1.8131
0.1732
1.1154
1.3093
0.6348
2.2586
1.4113
1.1520
1.2264
0.6823
1.1060
1.0819
-0.1133
1.1989
-1.0017
0.3592
0.9130
0.1890
0.8867
1.0873
1.3002
0.6219
0.8689
0.4720
-0.0677
0.3793
2.0347
0.0226
-0.7792
0.7021
-0.9404
2.2735
0.7395
-0.7384
1.5513
0.1489
0.2349
0.0147
1.1070
1.0965
2.0144
0.8601
1.7055
1.7429
0.9658
0.2248
1.4025
1.6402
1.8557
1.8261
1.3506
1.5315
1.5314
2.2406
2.2792
1.2812
1.7858
1.1073
1.7590
2.0601
2.2958
0.5633
2.2272
1.0794
2.4249
2.8639
3.2837
3.1763
2.2221
1.4603
2.3570
2.5381
1.1097
-0.7154
0.6891
3.2808
0.2992
1.4002
2.0197
-0.2785
0.7537
2.0447
1.8211
2.5261
2.3560
2.6439
1.2618
-0.3861
1.9122
2.2245
0.5259
2.2293
2.0204
0.7362
0.0630
1.6652
3.4796
1.3651
1.7022
2.1100
1.3515
1.4504
2.6369
0.6740
0.6816
0.7463
-0.5310
1.1172
0.6190
1.9485
1.6131
1.3469
1.9497
0.4375
2.3640
0.6186
0.2619
1.0589
0.5742
1.9017
0.7832
0.3776
-0.3699
1.3840
0.1250
-0.2681
0.9688
0.4637
-0.2228
-0.1198
0.3220
0.5356
1.1326
-0.7229
1.1926
0.9202
1.5547
2.3215
1.3420
2.6144
-0.3108
1.3783
-0.4278
-0.1172
1.4384
0.0318
0.7974
1.4814
-0.4974
1.8142
0.8376
0.3660
-0.2564
1.0391
1.0352
0.4374
0.2611
1.6872
0.7151
1.9236
0.2613
0.4687
0.6273
0.9922
0.1963
0.1434
1.0842
-0.0119
0.8699
0.4831
0.4371
0.1852
1.7490
1.1513
0.7058
0.5903
0.5067
0.6191
-0.0572
0.6359
0.8002
2.2880
0.6824
0.4792
0.4585
0.8861
0.2054
2.2855
1.2820
0.3512
1.5160
2.0637
0.3188
0.6762
0.9897
1.7440
3.1119
0.0298
1.3835
1.6533
-0.1859
-0.6326
-0.1384
0.0633
1.1231
0.4529
-0.6620
-0.7704
0.2030
0.3034
2.3746
-0.9130
1.4160
2.2294
0.8316
0.1917
0.8942
1.1256
1.3679
0.5873
0.0491
0.1809
0.2244
0.4596
1.0015
0.4877
-0.1875
-0.7191
0.7532
-0.4092
0.0961
0.5482
1.4923
1.3167
1.4694
-0.1199
0.0733
0.0076
1.7224
-1.2514
0.1531
0.4179
0.9567
-1.2734
-0.2317
0.5856
1.1040
-0.4011
-0.9436
-0.6918
-1.3119
-0.6624
1.1945
-0.7376
-1.4642
-2.6931
-0.8181
-3.2530
-3.7104
-2.7124
-2.8712
-3.4050
-2.3269
-1.7951
-2.0249
-2.2887
-0.6931
-0.1498
-0.9822
-0.8516
-1.1304
-1.5953
-1.1877
-2.1900
-0.9677
-0.8754
-0.9043
-0.4952
0.2639
0.4258
0.7877
0.1679
-0.2004
0.3467
-0.8906
-0.6710
-0.0692
1.3599
1.1250
-0.0130
-0.8392
-0.5810
0.9659
-0.2567
-0.1954
-0.2233
-0.3189
-1.6719
-0.1633
-0.0784
-0.5159
-0.1984
-0.9242
0.5288
-0.3100
-0.1441
-1.5114
-1.7942
-0.4991
0.2777
0.1116
-1.1273
0.4837
0.2181
-0.7168
-0.4694
0.0225
-0.6999
-0.5887
0.9192
0.0616
1.5192
1.1475
0.8008
0.3580
-1.2296
1.2702
-0.3007
0.5358
1.1911
1.8936
1.7666
0.8259
1.0081
0.5345
1.0288
1.7351
-0.2308
0.8416
0.1868
0.0027
1.0184
1.7933
1.0372
1.6086
0.2963
-0.9531
-0.4186
-0.0442
0.9606
-0.5534
-0.1617
0.7867
0.6250
0.2561
1.1198
1.0130
1.7317
1.8699
2.1274
1.1854
-0.7529
0.9409
0.4640
-0.1930
0.0198
0.0464
-0.4949
0.6179
0.1117
-1.9815
-1.2596
-1.1028
-0.4874
-1.0790
-1.3131
-0.2975
-0.8109
-0.5814
-1.4648
-1.0943
-2.3659
-1.4007
0.4232
0.9218
1.1394
1.3180
1.0097
-0.6553
1.4118
0.1178
-0.5913
1.1649
0.5611
-1.3813
-0.9617
-1.2236
-0.4983
-1.9370
-1.8193
-2.1739
-1.4175
-0.3734
-0.8108
-0.6334
-0.8595
0.0031
0.2644
0.0617
0.7269
-0.5596
-0.8249
0.0886
-1.6616
-0.3024
-0.1522
-1.0394
-1.4649
-2.8340
-0.7996
-1.5251
-1.6930
-0.6458
-1.3729
-1.1642
-1.9544
-2.0841
-2.4268
-2.3756
-0.7910
-2.2456
-2.3594
-3.4834
-1.5499
-2.6234
-1.5154
-1.4616
-0.8144
-1.9759
-0.8841
-1.8578
-1.7428
-1.9958
-2.3461
-2.9425
-1.8617
-2.0513
-0.3956
-0.7764
-0.2702
-1.2871
-0.5092
-0.9428
-1.3392
-1.0559
-0.7181
-0.3464
-1.3471
-2.1422
-0.9694
-2.0941
-2.1396
-1.3814
-1.4352
-2.0776
-1.2730
-0.8234
-0.9784
-0.5924
-1.0034
0.4287
0.4632
0.2609
0.8183
0.9736
0.4768
0.7436
-0.7767
0.7165
-0.0134
-0.0246
0.7279
-0.3604
-1.8963
-0.6899
1.1070
-0.8479
0.5439
1.0300
0.7815
1.7524
1.0000
1.7379
-0.2114
1.0545
0.0994
0.7509
-1.8689
-0.3433
0.3561
0.1841
-0.8651
-0.4450
1.6161
1.3980
-0.2446
-0.7133
1.2857
0.5900
-0.2134
-0.6791
0.8452
-0.5430
-0.6267
1.1870
-0.8770
0.5871
0.2143
0.0693
0.6635
0.7844
0.2965
0.1663
-0.0950
-1.1046
-1.1047
-0.3968
-1.0344
1.5909
-0.9906
-1.0444
-1.5523
-1.4465
0.1807
0.9328
1.5750
1.6333
1.4890
-1.1040
0.4043
-0.6194
-0.3991
-0.0034
-0.2386
0.3714
-1.4863
-0.2857
-0.1475
0.5638
0.2483
0.9270
0.9575
0.3014
1.1319
1.2672
1.4675
0.2180
-0.8973
-0.6957
0.0469
1.2325
0.5189
-0.0167
0.8142
0.6072
-0.2637
-0.0235
0.4196
2.4515
0.4911
-0.7939
-0.3636
0.3300
0.0928
-1.2453
1.2841
0.1329
-0.9542
-1.5804
-0.3303
-0.4772
0.5855
-0.4279
0.2837
0.6520
2.3930
1.1446
0.5160
1.1933
2.3930
2.6293
1.4996
0.7061
0.9440
2.3663
1.5164
1.7555
2.8963
1.7069
1.8583
1.1880
1.4188
1.6307
2.0417
0.9197
2.5464
1.6408
1.8713
1.1339
1.3709
2.6116
1.9452
2.5255
2.0014
1.8191
-0.5553
1.2449
2.6144
1.0295
0.4312
1.2377
2.1095
0.5178
1.3333
0.6110
1.7619
0.1585
0.1844
0.7037
0.7116
0.7536
1.3067
1.1613
2.0954
2.2222
1.6201
2.1953
2.5210
0.4627
0.8798
0.8845
0.2632
0.9216
-0.5064
-1.7849
0.1541
0.8577
1.1041
-0.1165
0.4561
-0.1643
-0.8681
-0.6366
-0.6131
-0.3965
-0.0771
0.0550
0.8543
1.4523
-0.4592
-0.6182
-1.2565
-0.6624
0.7325
0.1000
-0.4595
1.5675
0.9107
0.4160
-0.0702
0.9398
0.2481
-0.0986
1.5282
0.4805
0.7083
0.5466
-0.2809
1.0373
1.6643
1.3622
0.9543
1.6887
1.1857
1.4563
1.2577
-0.1496
0.8249
-0.3699
-0.3735
0.0560
0.2027
-0.0976
1.3808
-0.0508
0.5310
1.5539
-0.7580
0.0010
-0.8964
0.1387
1.1567
0.1644
-0.0624
0.7815
1.0750
-0.8395
0.6552
0.7840
-0.6619
0.9890
-0.3683
-0.3326
-0.3427
-0.3872
1.0553
-0.0146
0.7705
-0.3502
-0.7391
0.2033
0.2239
-1.3262
-1.0742
0.2725
0.2452
0.1630
-0.2697
-0.4559
0.1508
1.5238
1.0118
0.2412
-0.2296
-0.8609
-0.5639
-0.3284
0.4706
1.6632
1.5537
0.4183
2.1433
1.3025
1.1207
-0.0922
-1.1144
0.3732
2.1398
1.0387
-0.3716
0.4438
0.2672
-0.1022
1.1418
1.1178
-0.6095
0.4249
0.6012
-0.4507
0.1796
-0.4792
-0.2575
-0.5265
0.1245
-0.8445
-0.4613
-0.1291
-0.1838
0.2366
-0.6331
-1.9632
-0.2557
-0.2738
0.2836
0.5738
0.8712
2.7892
1.6316
0.6072
1.9050
0.8715
1.3518
1.8169
0.5088
2.4925
1.7305
0.9012
0.4719
1.0882
1.0630
0.4762
0.7632
0.3459
0.9953
1.3854
0.1101
0.4899
1.2450
0.0317
1.5233
1.4333
0.4158
0.8970
1.5335
2.9373
2.1241
1.6081
1.6466
1.2123
0.5134
1.8797
1.8488
1.2086
2.2363
0.8759
1.6194
1.6012
1.2362
1.2133
0.8440
2.6917
1.9469
1.4663
1.1713
1.3799
1.3762
1.2088
0.8991
0.8760
1.4343
1.1711
-0.1656
1.6613
1.2413
-0.4201
0.1221
0.7178
0.4885
0.4890
0.7670
0.7339
-0.5887
1.2261
0.4090
0.2837
0.3674
0.7769
-1.2676
-1.1977
1.2707
0.3456
-0.6685
1.0070
-0.4929
0.1765
1.1021
0.5619
-0.8485
1.2479
1.4525
-0.6378
0.1400
-0.2093
0.2440
0.9290
0.6350
1.0087
1.6411
-0.1990
0.5833
1.0772
1.7089
0.9457
2.1524
1.6043
1.5708
0.8046
1.4349
0.6410
-0.2439
1.1289
1.6921
0.8926
1.2041
-0.0520
0.4979
0.6412
1.6181
-0.3377
0.4368
0.9100
-0.1710
1.3460
0.3315
0.7205
-0.2462
-0.4588
0.7965
0.8196
1.4536
-0.3947
0.2946
0.5473
0.0146
2.1763
1.4563
-0.0672
1.0732
1.5768
0.2964
1.1850
0.3379
1.1463
-0.1060
-0.1947
0.0743
1.0648
-0.5368
-0.7190
1.2793
1.3678
0.0766
1.1397
0.8174
-0.6660
0.4239
0.6101
0.4876
0.0925
0.1052
-0.0189
-0.0831
-0.8959
0.1994
-0.0031
-0.4940
-0.2962
0.9780
-0.0446
0.7668
1.2970
0.9127
-0.0911
1.0672
1.6448
2.6290
1.2770
0.6745
0.8627
-0.3695
-1.3392
-0.6282
0.1424
0.3532
1.8793
1.5364
1.1613
1.4008
1.2397
1.9051
2.3646
0.8619
-0.4813
1.1515
0.3028
0.2881
0.2165
1.5501
-0.5723
0.2525
0.6408
0.5392
0.6800
0.6715
1.1044
1.0865
0.4559
1.1620
-0.0661
0.0758
1.9292
1.1402
-0.1781
1.1913
-0.0900
0.1366
1.2424
1.0988
1.6113
0.8883
0.8236
2.9923
2.1932
0.9457
0.9898
0.9348
2.1419
2.6506
0.8549
1.2708
1.4950
2.5788
2.6882
2.2904
2.7263
4.0761
3.0706
2.8755
1.6569
