0.8894
1.1209
1.3943
1.4222
2.6590
3.2126
1.4628
0.6629
0.2284
-0.3551
1.0609
2.8480
2.1257
2.4977
3.5488
2.7817
3.9093
4.3316
5.7671
5.1202
4.9610
2.9023
2.8278
3.8083
4.3050
3.0141
5.2174
6.1811
4.4224
5.6116
6.3605
5.8213
6.0418
4.0896
4.8858
5.4038
6.0324
7.5385
6.0952
6.6777
4.9825
4.1498
3.9552
3.7267
4.4608
3.7669
5.4970
5.1315
4.8729
3.6720
4.1046
2.6618
4.2955
3.7952
3.5069
3.2938
3.6433
4.2237
2.6514
5.1421
2.6515
5.0780
4.7528
6.7340
5.7558
7.1831
5.1815
3.8986
4.1335
3.9080
3.9388
4.6548
5.6826
6.0611
5.6598
6.0391
5.6001
5.3535
7.4173
6.7779
7.6149
6.8421
5.7039
6.7584
7.1079
7.6157
9.2468
8.2694
8.2205
9.0474
7.8204
9.7069
6.9468
5.7895
6.3236
6.2487
7.4600
6.7167
6.5956
7.3646
6.7743
7.1428
7.1043
7.6294
7.4043
7.8986
7.9751
7.1942
6.6445
6.2312
6.2431
7.2342
7.2858
6.5665
6.2643
5.9360
6.5584
8.3632
7.0630
5.4398
7.2793
6.0829
5.6838
6.0377
7.0261
6.3362
5.5515
5.5389
6.2389
6.6687
7.0772
8.7047
6.4209
6.3063
6.6871
6.6412
7.5929
8.5522
6.6703
6.7916
4.9252
4.8599
3.9856
5.0199
4.0403
3.8933
5.5399
4.7353
6.2857
4.0965
3.4573
4.0399
4.7937
4.0513
3.5588
4.0811
3.7773
4.7964
5.5612
4.3241
4.7572
4.1269
6.4993
4.1056
4.0141
6.6149
6.5947
6.8714
6.6870
6.7289
6.2150
5.5545
5.1326
7.0094
7.8655
6.8068
6.4315
6.7396
4.9808
5.7533
5.3637
6.5335
5.4066
5.4427
6.6061
5.9624
6.6334
7.2714
7.6481
8.0419
7.5013
9.8223
8.4485
7.8929
9.8161
8.4637
9.0180
8.0652
7.0499
6.7239
7.7817
7.7827
7.0309
7.6952
7.1940
6.4139
5.8056
7.1802
7.1117
6.7674
7.5174
7.6926
5.8616
7.4522
7.6313
7.1725
6.2211
5.7147
7.7482
5.3643
4.6704
6.3040
5.4497
4.4837
4.8899
5.5631
6.2037
6.0912
6.0362
6.6094
5.2189
5.3324
5.9704
7.5748
7.3769
5.6549
5.4487
3.7212
1.9076
2.1262
3.1316
2.9668
4.1949
3.8508
4.7290
4.6970
3.8150
4.1816
5.0181
5.2809
4.8012
4.9324
5.7691
4.2372
2.8084
3.3078
2.7810
3.9817
4.2147
4.0738
3.5262
1.6506
0.8981
1.9967
0.3886
1.2900
0.2987
2.0029
2.3405
2.3464
1.8997
2.5549
2.0143
0.6835
1.4591
1.5637
2.6989
3.1181
2.5624
2.8809
3.2697
2.9591
4.2994
4.7867
5.6379
5.3054
5.5931
5.6502
5.2157
6.2985
5.8877
6.2173
5.9509
5.9485
5.8433
6.6652
7.1301
7.8879
7.4230
7.0062
7.0657
7.1308
7.1495
5.6749
7.4225
6.4472
7.1282
6.9059
5.5851
6.9409
5.9253
6.0995
6.0029
5.8139
6.7705
5.0381
7.0555
6.6989
5.3976
5.6743
6.6065
7.0976
6.8257
8.4212
7.9027
7.8951
6.3189
6.5265
5.3160
5.8148
6.2472
6.3166
3.8622
3.8001
4.2699
2.8475
3.3415
3.9355
1.8796
2.9491
2.8303
1.0548
0.5299
0.2454
1.2461
0.8883
0.4257
2.7990
2.5476
2.8190
2.2722
0.6769
0.5562
2.3595
2.3348
0.7584
0.6085
1.3432
0.0814
-0.2725
0.4933
2.9359
2.4794
2.7612
2.4300
2.4680
4.3885
3.7643
4.6356
5.4541
5.7940
6.2870
5.5996
3.6901
4.4797
3.6800
4.2010
4.5208
3.0777
3.0381
1.2632
2.9330
2.2639
2.2422
2.0117
5.2025
5.4529
4.9038
2.7109
3.6313
3.2057
3.5564
3.8272
3.9629
3.2481
3.1788
3.5705
3.7575
3.3493
5.9537
4.1544
4.8648
4.0206
3.4307
4.6298
4.7332
5.2142
4.8299
3.9465
2.7175
2.7842
3.5333
2.3647
2.7181
2.9502
3.7322
3.5003
2.2473
1.7761
0.2880
1.8595
0.9704
1.8553
1.2956
1.7675
1.9352
1.7541
1.2644
1.9054
1.6805
2.1876
1.6714
1.6072
2.8414
2.6564
2.3025
2.7677
2.2292
3.3528
3.6055
1.0945
1.6644
0.8116
2.0151
1.1506
0.7710
0.4790
-0.5274
-0.4996
0.0208
0.2199
0.4068
0.0723
0.4385
0.3242
0.3459
1.3614
1.6775
1.5697
1.5526
1.3680
1.0310
3.1717
1.7937
0.8467
0.2954
0.5276
0.6510
0.2456
1.3252
3.2100
2.0183
3.6135
0.4627
-0.0623
-0.2120
0.8241
-0.0453
1.0711
0.9985
-0.0660
-0.9241
1.8991
1.1675
0.9255
2.2056
1.7319
2.5388
2.7273
2.2478
2.4410
1.8226
-0.8340
0.8230
1.8342
2.2699
2.5880
2.8798
1.9003
3.5298
2.9849
1.8055
2.0790
3.9972
3.9400
3.7344
1.7528
3.0273
2.3363
2.0160
1.3163
1.5313
1.4662
0.7318
-0.2045
0.7283
1.8911
1.0167
0.8599
1.3518
1.3691
-0.3920
0.2236
1.2743
1.7634
0.3339
0.8698
1.0396
2.4797
3.7359
4.5728
4.3536
4.7720
5.0585
3.5079
4.2870
5.3423
4.2149
5.1468
4.8247
7.6434
7.3892
6.2934
7.5465
7.2857
7.6525
6.5418
5.4950
6.9162
7.2272
6.9660
7.5017
5.8785
5.6016
4.4964
6.0216
6.0825
7.5057
6.8846
7.0964
7.2683
6.4364
5.0466
4.8028
4.0168
4.6334
4.1498
5.5388
4.8948
4.9618
6.0780
5.7274
5.1413
5.8534
6.1225
6.1608
4.5974
5.0037
4.7061
4.6093
4.2917
2.3369
4.7372
3.9228
4.1264
3.2881
5.6605
4.5538
5.5378
4.8521
5.0340
7.1267
4.9806
5.7459
6.1858
6.2356
6.3405
8.1173
8.8259
7.1582
5.8788
5.5863
6.2905
6.6597
4.9551
5.7141
6.3881
6.6567
7.0104
7.6793
7.3343
7.6262
6.9444
4.7807
6.2088
6.4430
6.1712
8.2057
7.8519
9.3688
7.6899
8.6637
7.3189
7.9129
7.4885
7.9128
7.9072
8.6020
6.7316
6.6798
8.2001
8.3451
8.6028
7.4170
6.5881
7.1628
6.3264
8.2587
9.0538
8.6835
8.2243
9.3965
8.2865
8.2376
7.2369
7.3831
9.3190
8.7532
8.2106
8.7955
11.2769
10.5683
11.0575
11.0088
10.6383
11.0928
10.8843
10.0157
10.1922
9.7832
9.4783
11.8145
12.1675
11.6883
12.4735
10.2508
10.3599
10.0694
9.3295
10.4090
9.2671
9.0282
8.6313
8.6910
9.3640
9.8843
9.4780
9.6484
11.0518
10.0643
9.0936
8.9586
7.5782
7.6847
8.9690
9.4757
8.7333
9.4966
9.6346
9.6183
11.3873
11.1921
11.0307
11.6785
12.8283
13.0387
12.9531
14.5056
13.0039
11.5884
11.2624
12.0444
10.6142
9.0793
11.2490
13.1727
12.2185
12.2120
14.9694
13.2217
13.3502
15.1252
12.7352
13.6042
13.3568
11.9435
10.4082
10.6095
9.0079
8.3614
8.7706
9.6389
11.0114
11.0244
10.9712
8.8576
11.0217
10.1990
11.0502
11.1243
10.4411
8.1575
8.5979
7.4012
8.4519
8.0477
9.1533
8.1637
7.9187
7.8790
7.8857
6.9921
6.1844
6.7689
5.4303
6.0269
6.3195
5.8255
6.1472
7.5572
8.4882
8.2845
8.5611
8.1798
7.7071
8.6540
8.3554
9.5759
10.0705
10.6177
11.4971
9.6491
8.9144
7.4531
8.1268
7.3557
5.7459
6.1321
5.1368
7.0883
7.4271
7.8252
6.9024
6.7719
7.3240
6.1745
6.1157
5.8707
6.0235
7.4645
5.9317
6.2777
5.0340
6.0932
4.8270
7.1803
7.3933
6.2932
7.4827
7.1716
6.5204
8.0067
6.3018
6.8067
6.2247
8.6801
7.0328
7.9396
5.7678
6.2323
6.9718
5.8537
6.0289
5.5621
6.0072
4.1585
4.3212
4.4500
5.4468
4.6298
4.4796
4.0179
3.9423
4.0877
4.4454
3.8235
4.8625
6.2097
6.5959
6.4492
7.4677
7.7269
6.9099
6.8991
8.8694
6.9410
5.7942
8.0354
7.3221
7.5901
7.2493
7.5376
7.2943
7.4661
8.4693
6.2141
6.9663
6.2878
5.9395
5.8022
6.9042
8.0288
8.0151
8.2619
6.3110
7.3955
7.2661
6.6050
9.1209
8.4861
8.7521
9.2567
7.8867
7.4557
7.5113
7.6153
5.5538
5.9401
5.0514
5.3255
6.7796
6.7063
5.8333
6.1567
5.8186
5.4688
6.8609
5.5594
4.7900
4.4075
5.0406
5.5918
5.6487
6.0790
6.8873
6.9014
6.3109
7.7574
8.7712
8.4113
8.4269
8.8456
8.2839
8.7780
6.7832
6.5473
6.2187
6.6735
5.3060
3.6359
4.7829
5.1031
5.8931
5.0793
5.3351
4.7569
2.4376
4.4918
3.9792
5.3827
6.0793
6.7284
6.5740
5.4777
6.1846
4.9934
5.1035
3.2422
3.8337
4.5796
4.6802
4.3991
4.2759
5.3578
4.6591
4.4294
4.4952
3.8706
4.8410
5.9789
6.3933
6.8719
7.7309
6.5920
7.3684
7.3566
6.1904
5.2841
4.5781
4.3967
4.2147
4.7881
4.7187
3.3206
4.8426
4.1149
3.2365
2.9157
3.5753
4.6489
5.1498
4.3893
6.0346
5.3536
4.2099
4.3238
4.1231
1.5702
0.8924
1.8210
2.1473
2.1658
2.1182
1.2155
1.0628
1.7876
1.4323
3.5780
2.7382
3.0309
2.7401
3.2037
2.2483
1.6802
1.1541
0.7277
2.2327
1.0674
1.8369
1.7780
2.5051
1.9350
1.8601
1.6319
0.9078
1.6986
3.0998
3.6714
2.5530
3.3216
5.0207
4.3824
3.9872
2.9143
2.8889
2.5080
1.3734
3.0296
2.3027
2.4858
4.4794
3.6710
1.3243
1.3260
2.0840
1.9055
2.4666
1.5032
2.0350
2.4409
0.2854
0.4361
-0.5461
0.0594
-1.3262
0.7923
0.5396
1.0284
1.4491
1.6133
1.8376
0.7768
1.5989
1.4634
1.2780
0.5177
0.0828
0.1306
0.3420
1.3223
1.5113
0.7639
1.0173
0.5674
