-1.3071
-0.9089
-1.1815
-0.8972
-0.7831
1.1688
-0.2738
-1.4978
0.3522
-0.1957
-0.7093
-0.6052
-0.0544
-0.7963
-0.7283
-2.3471
-2.0438
-2.5891
-2.6013
-2.7482
-1.8980
-0.3170
1.0773
0.4122
1.3143
0.7734
0.8591
-0.8358
-1.0745
-1.5488
-1.1382
-1.4827
-1.0100
0.0601
1.0091
1.2087
1.7083
0.9148
0.1316
-1.3877
-1.0345
-1.0636
-1.5058
-1.4405
-2.1799
-3.5885
-2.8271
-2.5952
-2.8912
-2.1876
-4.1913
-3.8580
-3.8703
-4.0390
-3.4824
-1.7789
-1.0467
0.1401
-1.1668
-0.7765
-0.7064
-0.8801
-1.1754
-0.6693
0.0015
0.5099
1.1668
1.4294
1.0186
0.6785
0.6230
-0.4043
-0.6639
-0.4130
-0.3048
-0.6361
-0.5698
-1.0745
-1.5669
-1.6137
-1.4780
-1.7541
-1.7466
-2.0116
-3.3662
-1.4482
-1.8002
-1.3925
-1.0890
-0.5270
-0.3135
0.1437
0.5263
0.3972
-1.0476
-2.1055
-2.3478
-0.7701
0.0684
0.5199
0.6323
1.1487
1.3579
2.0381
-0.0017
-0.5908
-0.1796
-0.6017
-0.3290
0.9483
0.1302
1.3793
1.9495
1.7088
1.4998
-0.6548
0.1475
1.6245
2.4645
1.3506
0.8551
-0.1174
-1.6180
-2.2965
-1.1790
-0.9825
-1.4034
-0.2695
-0.9400
0.0007
-0.7497
-0.5211
0.2262
-0.4749
0.6438
1.8945
2.5549
2.0656
2.3580
3.7700
3.7536
2.3110
2.2165
1.2454
1.9803
2.0176
0.4725
0.2562
1.6043
2.3668
2.9200
1.3291
0.7153
1.7797
2.2987
2.1705
2.7632
3.1603
2.0982
1.6714
-0.4853
1.0912
-0.1696
-0.8490
-0.3877
-1.1866
-1.1350
-1.8690
-1.7330
-1.7976
-0.5807
-1.4643
-0.2956
-0.4922
0.7079
0.4113
2.0766
2.0202
2.1468
0.6781
0.8308
-0.0742
0.6069
0.6784
0.1481
1.7333
1.4630
0.6762
0.5520
0.7619
0.0130
-1.0578
-2.4788
-2.5972
-3.4489
-3.7852
-3.4990
-2.4356
-1.2357
-1.2990
-0.6601
-2.4853
-1.9974
-1.7339
-2.0902
-1.2860
-2.2346
-1.7256
-2.1173
-3.9438
-3.2303
-3.1385
-4.3935
-4.5972
-4.6098
-4.7568
-3.9220
-4.4341
-3.2771
-2.3497
-3.2227
-3.1824
-3.2127
-4.0134
-4.1106
-4.3182
-5.6931
-3.3723
-3.0086
-2.9535
-1.9493
-3.8736
-2.0109
-5.1052
-5.9266
-5.9271
-7.7951
-8.5394
-7.1787
-7.0797
-6.6265
-6.5214
-5.7815
-6.0104
-7.4167
-6.6664
-7.4411
-8.2981
-9.8957
-10.1382
-8.1622
-8.0769
-9.2335
-9.6897
-9.7125
-9.1222
-10.3818
-10.1723
-7.2174
-7.4365
-7.4275
-7.8106
-8.8204
-8.2291
-7.7492
-7.9777
-7.5956
-8.0887
-8.6229
-8.3859
-10.2308
-8.7305
-8.0352
-8.3681
-9.1698
-8.8434
-6.6579
-6.3257
-7.5255
-5.8352
-6.5996
-7.4772
-7.7358
-8.0881
-8.4100
-9.0875
-10.4381
-9.9698
-9.6555
-10.1293
-9.2429
-6.6758
-6.7956
-8.0045
-7.7136
-6.2091
-4.6174
-4.2354
-4.4108
-6.4406
-4.4339
-4.3233
-4.7353
-4.5495
-3.3160
-3.3857
-3.0287
-1.7940
-2.8464
-3.3878
-3.4280
-2.6685
-2.9583
-4.2324
-3.0089
-3.7257
-4.2065
-3.0026
-2.0317
-1.7980
-1.8119
-3.5347
-4.3150
-4.4487
-4.4235
-4.1544
-4.2095
-4.3974
-4.3808
-5.3333
-5.4808
-6.4569
-6.0185
-5.8453
-7.1572
-7.7083
-6.6225
-7.5959
-5.8463
-5.2064
-6.5225
-4.9042
-6.8927
-5.9848
-5.5031
-5.0501
-3.1152
-3.9387
-3.5519
-3.5995
-4.2071
-5.9252
-4.7903
-4.3211
-3.7879
-2.7096
-2.9582
-2.6011
-1.8535
-1.6239
-0.2006
-1.4785
-1.1231
-2.1440
-3.3882
-4.2354
-3.5299
-4.7562
-3.6196
-3.3759
-4.2063
-3.1020
-3.6777
-4.0583
-3.7398
-3.8244
-2.1484
-2.6935
-1.2494
-0.8023
-0.2659
-0.6145
0.5696
0.7754
0.9079
0.3850
1.3248
-0.0373
-0.8292
-0.1662
0.4192
0.2023
-0.4935
-2.0388
1.6048
0.8363
0.6248
-0.1256
0.0723
-0.0730
-1.8198
-3.3799
-3.9632
-2.4336
-2.8875
-2.3169
-1.6367
-0.4356
0.3905
1.0108
1.5773
1.8034
4.1429
4.7281
4.4790
4.1204
5.4670
6.2683
5.7230
5.5230
4.6039
4.1906
4.3551
3.7174
3.1391
2.0815
2.4542
2.2528
0.7975
1.2678
2.1224
0.7532
-0.2231
-0.9389
-3.8906
-3.7261
-3.0339
-1.7660
0.0358
-0.7707
-2.1486
-2.8259
-1.5313
-1.1105
-1.7700
-3.3347
-2.4854
-2.7464
-3.8716
-3.4927
-3.9295
-3.4720
-4.3224
-3.2072
-4.0242
-3.9083
-4.4729
-3.6328
-4.0703
-2.7351
-3.7847
-2.4292
-2.1633
-1.7953
-2.8493
-2.5345
-0.7499
0.1914
-0.2043
0.5140
-0.1347
-0.3126
0.7908
0.8355
1.7029
1.3067
0.7676
2.0858
1.5667
1.5594
2.0358
1.7216
0.8015
-0.1056
-1.6348
-1.8181
-2.2907
-2.7333
-2.6016
-2.4028
-1.9921
-4.4058
-5.3021
-5.0680
-3.4574
-2.4001
-2.3142
-3.1743
-2.1639
-1.9098
-0.8173
-0.8449
-1.2454
-0.9704
-1.2578
0.8942
0.6911
0.1886
-1.0113
-0.9255
-2.6548
-1.1684
-0.0534
-0.1711
-1.1639
0.1139
-0.7074
-0.5964
-0.3928
-0.9933
-1.4556
-0.6218
-0.3905
0.7992
1.1116
-0.7283
-2.0039
-2.0785
-0.8715
-0.1316
-1.1028
-1.1309
-2.2116
-3.1678
-2.7764
-3.2251
-4.0042
-5.3302
-2.9449
-3.3063
-2.5550
-2.1360
-0.5729
0.3940
0.4906
-0.4664
1.0042
1.8076
0.2704
-1.0036
-0.3991
-0.6527
-2.1303
-1.6907
-2.5120
-3.2831
-3.7207
-5.6350
-5.7435
-6.8225
-6.3242
-6.0771
-5.9337
-5.7671
-5.8812
-6.0687
-6.7202
-5.0530
-3.7621
-2.3954
-1.9594
-2.9328
-3.4902
-3.5854
-3.4197
-3.0728
-3.8736
-3.5641
-4.1947
-4.4539
-3.3896
-2.9192
-3.1724
-5.0490
-5.5051
-6.1815
-6.6333
-6.1396
-5.2929
-7.6054
-5.8640
-5.1423
-6.8129
-6.3281
-5.3278
-4.2038
-4.0185
-3.8119
-2.9587
0.1346
-0.1689
0.4147
-1.7739
-0.8615
-0.3852
-0.6319
0.4112
0.2651
2.4460
2.3887
2.4413
1.0588
0.5573
1.1707
-0.2125
-0.5402
0.1884
0.1339
-1.4110
-1.0258
-2.0244
-2.7700
-3.6458
-3.5311
-3.2344
-4.9587
-6.3794
-6.7164
-8.1277
-6.2206
-5.2494
-5.4164
-6.3617
-6.3424
-5.2642
-5.0140
-4.4279
-4.4996
-4.0254
-4.5419
-7.1453
-7.1516
-8.8168
-5.8967
-5.0637
-4.6909
-5.0847
-3.7364
-3.6341
-2.0627
-2.2998
-2.6597
-2.0043
-1.0426
-1.3739
-0.2110
-0.1862
-0.4196
-0.8468
0.0276
1.1849
2.2685
2.2287
1.9765
3.0751
2.7030
1.9906
0.9987
2.2092
3.4289
3.4194
3.1271
3.7266
3.1307
2.7600
2.6295
2.1789
1.4738
2.8338
4.4041
2.2521
2.6512
2.2979
0.6347
0.4118
-0.6220
-0.5630
-0.3980
0.0972
1.9742
0.7576
1.0536
3.2520
5.1417
4.9351
4.0553
5.6998
5.6502
5.3865
5.1391
4.4398
4.4514
3.2446
2.1571
1.4540
2.2293
1.8041
1.8086
2.3781
0.9184
0.5089
1.0653
1.7180
0.6457
0.6249
1.0612
2.7967
3.3813
4.0874
4.2954
1.6536
0.8936
3.3245
3.1760
4.7512
6.5895
7.2807
8.1158
10.4557
10.9623
11.4959
11.1118
10.6867
9.8081
9.5293
11.2184
10.5591
11.9041
11.0615
10.2612
10.2213
11.6298
10.4736
8.0203
7.5421
7.3537
6.0552
5.5436
4.8298
5.6201
5.8674
7.0065
6.1243
6.1732
4.8193
4.5235
4.4352
3.8618
4.6514
5.4451
5.8424
6.6293
7.0952
7.1857
7.8174
8.0675
9.3525
10.4698
9.8836
9.1062
8.8585
8.3976
7.2402
6.1975
8.1388
9.4730
9.9966
8.9427
9.2455
8.2667
8.1921
9.4656
8.4682
8.8833
9.5122
9.7459
8.6277
8.8818
9.4847
10.2840
9.5315
8.9235
8.5574
9.9886
9.7560
11.7527
12.6924
12.1789
11.6056
12.2891
13.8200
12.3102
13.1640
11.8926
11.9645
12.7377
11.8644
9.5469
10.3891
8.3512
9.1444
8.4481
8.2939
7.4441
8.5145
7.0514
6.9623
9.7103
9.2318
8.8292
10.3804
12.0589
10.8334
10.9253
11.4591
11.0877
10.5247
8.9101
9.2606
10.3933
10.7614
11.0956
13.1392
12.5975
11.5069
11.4819
10.0472
9.5336
11.1310
10.3730
8.1316
6.9952
5.5826
5.8653
5.8488
5.8338
6.4664
7.9211
7.0778
8.1249
8.6616
8.0594
8.7662
10.3381
12.1831
11.1726
9.7850
9.2860
8.6580
7.9164
7.0655
6.5233
8.5374
8.9277
7.9389
9.0216
9.8063
10.3754
10.4743
10.0314
9.5311
8.6038
7.8126
5.6070
6.2572
5.4974
5.6566
4.9629
5.0506
5.7930
6.1249
5.9404
4.1032
3.9645
4.1801
3.3805
2.1227
2.2330
4.1276
3.6060
5.7741
6.1916
5.9618
5.6932
5.3354
5.4364
4.0594
3.2095
1.9269
1.7922
1.7190
2.1528
1.8728
1.5260
-0.4137
0.9424
-1.1088
1.0596
0.4004
-0.7390
-0.1760
1.1395
2.1187
2.5839
2.5358
1.7817
1.6896
1.6548
1.7150
2.5699
1.9728
3.0741
3.2239
1.8701
2.5033
3.4482
2.0357
1.8662
2.7385
2.0192
2.0026
1.3606
0.1811
0.0436
-1.6554
-2.0780
-2.0996
-2.2440
-1.9076
-2.6829
-1.3433
-1.1305
0.4727
-1.6693
-2.6177
-2.4011
-3.4966
-2.6511
-5.1496
-5.9915
-4.9034
-6.0662
-5.7142
-4.6886
-3.0737
-3.4374
-1.1715
-1.6500
-0.0426
-1.7751
-2.9813
-4.5285
-6.8214
-6.2924
-5.8579
-5.5565
-5.3371
-7.2938
-6.0892
-6.9857
-6.5754
-6.0288
-5.8253
-5.0973
-4.9713
-4.4893
-5.2914
-6.5078
-6.9707
-7.9491
-7.5119
-7.8533
-7.6508
-7.2101
-6.6208
-6.5041
-6.6775
-7.2058
-8.8505
-8.9195
-9.4070
-8.9900
-8.3715
-8.8955
-10.0268
-9.5615
-9.7933
-8.4238
-7.4888
-7.5931
-9.2870
-9.0404
-9.7216
-10.1588
-10.7307
-11.6439
-12.9494
-12.9778
-13.2125
-11.6895
-12.3047
-13.0823
-12.8981
-12.0438
-10.7458
-11.2577
-11.5738
-11.2704
-11.2940
-11.8618
-11.1976
-11.0746
-10.2654
-10.4740
