-1.7678
-2.0731
-4.3420
-4.2065
-4.1860
-4.0791
-4.9289
-5.6296
-5.1450
-4.1533
-5.0767
-5.3913
-6.5170
-7.2763
-9.1852
-9.9349
-11.2205
-11.6860
-13.0020
-12.6536
-11.9337
-12.3008
-11.2882
-10.9425
-10.5007
-12.2024
-13.5025
-13.2588
-11.5608
-11.0281
-9.7465
-8.8341
-7.5966
-6.4577
-6.4356
-6.7013
-7.1789
-4.1752
-3.2483
-2.3322
-1.9448
-0.5440
0.1283
-0.3005
-0.1288
0.6770
1.2868
2.1113
2.5501
2.1344
2.2145
2.5772
1.5751
1.6870
1.3173
0.8803
0.4445
0.7609
1.3841
1.2558
2.1119
4.1256
5.6636
7.4533
9.4324
9.0987
9.0498
10.2447
10.4406
12.3150
13.0203
12.1932
12.5444
14.0752
14.6913
13.9537
13.7030
13.8731
12.6466
13.1885
13.5964
14.3522
14.7394
13.9521
12.6074
12.5466
11.6858
12.6689
12.5155
11.0624
10.4455
9.7677
9.0203
7.5377
7.5946
7.3660
9.4143
10.2041
9.9023
9.1835
8.7167
8.7995
7.5429
7.8133
10.3880
11.4430
12.0198
12.6505
14.8970
16.4123
16.7516
17.6025
17.8666
17.2532
15.6563
15.5620
15.5934
16.2535
15.4133
15.2257
14.2680
13.9260
13.3015
11.9374
11.4693
11.1103
9.4812
10.0874
9.2059
9.3225
8.9190
10.9320
10.2860
9.7616
9.4827
10.2387
9.9070
11.2017
11.0312
9.1636
7.7146
7.4147
6.1305
5.6431
4.2493
3.3221
2.4110
1.6536
1.9944
2.4685
3.6219
2.9820
2.0700
1.3394
-0.2044
-1.2002
-2.4177
-2.7348
-1.5458
-1.6668
-1.1124
-1.7539
-1.7484
-0.6993
0.7302
0.3566
-0.1726
-0.4451
-0.9539
-1.6497
-2.1512
-3.0035
-3.3246
-4.4132
-4.0933
-2.9641
-2.4951
-1.5811
0.4420
0.5921
0.4843
2.0353
2.6836
3.2439
6.0347
7.7196
9.7612
11.3664
11.7915
12.5099
12.2339
14.3522
16.7665
18.7259
20.0931
19.9221
19.9489
19.5487
19.4257
18.1781
17.3389
16.0188
16.3729
15.6105
14.6195
13.9975
14.6409
14.0527
13.1173
12.3741
11.8756
10.8031
9.9772
8.2525
7.6234
8.0581
7.0524
6.4739
5.6439
4.6725
4.1304
3.4703
3.7450
4.3432
3.5200
4.0548
4.4454
3.9685
3.7311
3.8809
3.8400
4.3073
4.5184
4.0417
3.2923
1.7243
0.5001
-0.1927
-0.0826
-0.2773
-1.6182
-3.0286
-4.7966
-5.1331
-6.4584
-7.0880
-8.4378
-8.9942
-10.1231
-10.5941
-10.7563
-9.8263
-10.2578
-11.6858
-12.6785
-13.0038
-10.5821
-10.9438
-10.5903
-10.9083
-9.5111
-9.0471
-9.4435
-10.6643
-11.1917
-11.9503
-12.8864
-13.0057
-13.0449
-13.4080
-11.5895
-9.8206
-9.7267
-8.0861
-5.5138
-4.4817
-3.6367
-3.2956
-5.0804
-5.1749
-6.0443
-4.8525
-3.4454
-3.7150
-5.4701
-5.4872
-5.3676
-5.5554
-5.1435
-4.4123
-4.7243
-4.3440
-3.5516
-3.8005
-3.2341
-2.6088
-3.6385
-4.0066
-3.5055
-4.6401
-5.6301
-5.6762
-5.4449
-4.6183
-5.5855
-6.0147
-5.8178
-5.2013
-5.2602
-3.9709
-4.9105
-5.5208
-7.1244
-8.0415
-8.6880
-8.8576
-8.5904
-9.4744
-9.7122
-9.0284
-8.7301
-9.4101
-10.0484
-10.7566
-12.8710
-12.3865
-12.4964
-12.3176
-12.0613
-12.6042
-12.9681
-13.0826
-11.9552
-11.4675
-10.4447
-10.4101
-11.6448
-11.8385
-11.7980
-10.4023
-9.6256
-8.5821
-7.8124
-5.6180
-4.2847
-3.5602
-2.0104
-1.5755
-0.8778
-1.7279
-1.7692
-1.5004
-0.7950
-0.1973
0.4503
0.0227
1.1266
1.4184
1.8074
2.3497
2.0042
2.4401
2.0969
0.9836
-0.3863
-2.0652
-3.1288
-2.9003
-5.6738
-6.7817
-9.0458
-9.6839
-11.8261
-14.1263
-14.6246
-15.2845
-14.6922
-13.7553
-14.3910
-13.1960
-13.3495
-15.3456
-15.9852
-15.2758
-15.4998
-16.0862
-16.1882
-18.0847
-19.1838
-18.7809
-18.2777
-17.2467
-14.7343
-14.1621
-10.5107
-9.3230
-9.8383
-8.7607
-9.0014
-8.5633
-8.6701
-7.3719
-5.8783
-5.4170
-5.9397
-7.8777
-5.7673
-4.7594
-6.0604
-6.5280
-6.8273
-8.4963
-8.5205
-8.8488
-10.2566
-10.2689
-10.3990
-11.2511
-11.3082
-11.8398
-13.9701
-14.8300
-14.6225
-15.6855
-16.9116
-18.0184
-18.3715
-17.0711
-16.5663
-18.3127
-19.7818
-20.4422
-20.3472
-19.8131
-19.7835
-18.8192
-19.0026
-22.1430
-22.9292
-24.1401
-25.0164
-25.2512
-25.3334
-25.6199
-26.2723
-27.1857
-25.9238
-25.0784
-25.3782
-26.9004
-27.8012
-29.4343
-30.1798
-32.1775
-32.0384
-31.6757
-31.7755
-30.0882
-29.9655
-30.0342
-30.0145
-30.4795
-30.0711
-30.4084
-30.5775
-30.0390
-29.6702
-29.1144
-28.9709
-29.7250
-30.1342
-30.7202
-30.8748
-31.4720
-31.1784
-30.4086
-30.4956
-30.9999
-32.9958
-32.1534
-31.6852
-32.3196
-32.4293
-32.4514
-34.1940
-31.9484
-32.8468
-31.3997
-30.3038
-30.3052
-29.5753
-28.9705
-28.7603
-28.5768
-26.1708
-25.7452
-24.5885
-23.2923
-22.6384
-21.2970
-21.3001
-20.5467
-18.5410
-18.9369
-17.0201
-16.5689
-14.8161
-15.2151
-16.2761
-15.8734
-15.9216
-17.0420
-18.3518
-19.4342
-19.8730
-20.6374
-21.1694
-22.2775
-24.1018
-24.2530
-22.9509
-21.7437
-23.0164
-22.6808
-23.5581
-24.8059
-23.7172
-25.7610
-25.3737
-25.7145
-25.6982
-25.3783
-27.8449
-28.3115
-26.8053
-27.1319
-25.4973
-25.4101
-24.4553
-22.4964
-20.6128
-20.1847
-20.1493
-20.8646
-20.3764
-21.1452
-21.4189
-22.4130
-24.1652
-25.3863
-25.5289
-25.8140
-25.7805
-26.0086
-26.2989
-26.9895
-27.5258
-27.3739
-27.5003
-27.2184
-27.2623
-28.0392
-28.3091
-28.6013
-26.9874
-25.7945
-25.5192
-26.9278
-26.3006
-26.2782
-26.7704
-28.6746
-27.9499
-26.3402
-25.0013
-25.2573
-24.5065
-23.8345
-22.9872
-23.2093
-22.3360
-21.5496
-22.8987
-22.2455
-23.2584
-23.2509
-23.8270
-23.9731
-21.3417
-21.7598
-20.7514
-21.1140
-19.4599
-19.3576
-18.4657
-18.5966
-19.4229
-20.4271
-18.7929
-18.1619
-18.3777
-18.6978
-19.4430
-19.8802
-20.9637
-22.6977
-23.6931
-24.3388
-24.1249
-22.1517
-22.1024
-22.3741
-21.2797
-20.5362
-19.9856
-19.1293
-18.8174
-17.9666
-18.3193
-18.0976
-18.0965
-16.1373
-15.6963
-15.6196
-14.9270
-12.9433
-10.1072
-9.9968
-10.8682
-9.1087
-9.1905
-8.5992
-7.2648
-6.5503
-5.9970
-5.9169
-6.7452
-7.2899
-6.3659
-7.5581
-8.6162
-8.5843
-9.6184
-9.7589
-10.8746
-11.4186
-11.9521
-13.2965
-15.1465
-15.3250
-15.6301
-16.6295
-16.1382
-16.1405
-16.9022
-17.6758
-18.6927
-20.0571
-20.5988
-21.5104
-21.9852
-24.4007
-24.6072
-26.2581
-26.4227
-25.9155
-24.5873
-23.1255
-21.5195
-21.5698
-21.6717
-22.1432
-21.9490
-22.4603
-22.5591
-22.0441
-22.9829
-24.4132
-23.4624
-22.3410
-20.8341
-21.0142
-21.2838
-22.2007
-22.6328
-22.2795
-23.1607
-22.1172
-22.5915
-23.0204
-22.8739
-21.4143
-22.0289
-22.1708
-20.2494
-19.7638
-20.7606
-20.6525
-19.9823
-18.7696
-16.6192
-13.7349
-13.6318
-12.8702
-12.9276
-12.4371
-12.7894
-13.1062
-14.1803
-14.9386
-14.1664
-14.6599
-15.6746
-16.6569
-16.8860
-19.1587
-19.7213
-18.9423
-20.0427
-19.7670
-20.9541
-21.8217
-21.8861
-23.2562
-24.4288
-25.1328
-23.7265
-23.3238
-23.8535
-23.8530
-23.4976
-22.2980
-21.6290
-20.9388
-18.4320
-19.7901
-18.8322
-17.9846
-17.9323
-15.6472
-16.2513
-14.7049
-13.4062
-12.3820
-13.1668
-13.6509
-12.1607
-12.7015
-12.4024
-14.5777
-14.6717
-16.0613
-16.0217
-14.8853
-13.2073
-11.7123
-11.1385
-10.4891
-11.0348
-11.0085
-11.5626
-12.6628
-12.3113
-11.7767
-11.0165
-8.9956
-8.0264
-7.8562
-6.5132
-5.3340
-4.6134
-2.9971
-1.2795
-0.8310
1.0232
1.3904
1.2738
0.8248
0.7472
1.4872
0.4372
-2.3103
-3.3606
-4.5748
-4.4769
-6.5343
-6.1753
-4.5408
-2.7914
-1.5040
-1.4971
-1.0320
-0.7949
0.3182
0.1839
0.1436
-0.6430
-1.2397
-0.8202
-1.7190
-0.6551
0.8992
0.9670
1.6270
2.0420
1.0596
-0.0355
-0.5734
-1.5787
-2.4124
-1.9927
-1.1239
0.2611
1.1555
2.4010
3.5651
4.0781
6.3527
6.4960
6.2367
7.1509
7.5725
8.2299
10.0147
10.6202
11.7806
12.6622
12.1902
11.8563
12.2276
12.4714
13.8728
13.9577
13.1268
12.4429
12.6997
12.2311
12.6501
13.8412
14.3922
13.6721
13.3700
12.8244
12.1539
12.0607
11.1583
12.0586
12.8960
13.6773
12.9727
12.7360
12.4237
12.4604
12.7652
12.9238
15.3464
15.8056
15.2206
15.9895
15.7027
15.2382
14.0439
14.8311
13.8955
14.4307
16.6858
18.2052
17.3651
17.7392
18.7755
18.4837
19.9228
21.5312
23.3424
24.3288
26.4936
27.4542
27.3343
26.5606
26.6525
25.8229
27.1893
27.7473
26.7310
26.2650
26.8105
26.4116
27.1849
27.1426
29.7669
29.4214
30.8210
31.2147
33.1817
35.6056
36.3390
37.2109
37.6955
38.3827
38.7583
38.7663
39.3705
40.1089
40.6045
40.9515
42.7462
43.0605
43.0151
42.5550
40.6526
40.4984
40.2164
38.8462
39.3617
39.1686
38.0787
38.1294
37.9536
39.2187
38.7237
38.8343
40.2881
39.8466
40.7539
41.4855
40.1051
39.2982
40.0522
38.7598
38.0956
38.0301
38.0912
39.2704
39.7237
41.2721
40.7901
39.7754
38.6939
39.1946
38.7616
41.2480
43.6031
45.3233
44.1167
43.2602
43.1429
43.8672
42.8606
42.0823
41.7930
41.7572
40.6274
41.2905
39.9861
39.7096
37.6186
36.5978
34.9597
36.0028
36.0607
35.7915
36.0754
36.9087
36.1814
36.9212
36.8782
38.2704
40.2569
40.8426
42.6533
44.1359
44.1738
43.5637
41.5315
39.8932
38.7405
36.8284
36.3132
34.5089
33.2234
32.5684
33.0218
32.8297
32.8758
32.5675
31.3960
30.1397
28.5748
27.5212
27.8413
28.0768
28.3568
27.5790
28.2823
27.3965
27.2262
25.2455
24.1365
24.0390
24.8815
26.4901
26.5106
27.5751
26.8590
27.9630
26.6684
25.8056
24.9580
23.9750
22.5244
22.4093
21.7500
21.8470
21.9136
22.6982
22.7266
23.3309
24.2346
23.5954
23.8754
24.4433
23.9613
24.9566
26.2721
