-0.8355
-1.7174
-2.5320
-3.2549
-3.1831
-3.7635
-4.6530
-5.2049
-5.7930
-6.9950
-7.3215
-7.3822
-7.2964
-7.0363
-7.6440
-7.9616
-8.4303
-9.0224
-9.1997
-10.0336
-11.5156
-12.8199
-13.5756
-14.6357
-15.8449
-16.3408
-17.5430
-18.7596
-19.4105
-19.9287
-20.4128
-21.0371
-21.7957
-22.2136
-22.0359
-21.7717
-21.8663
-22.1875
-22.1322
-22.0637
-22.2695
-22.7610
-23.3004
-23.5286
-23.1514
-23.2888
-23.4638
-24.1130
-24.2415
-24.2356
-25.2066
-26.3415
-26.7052
-26.8641
-26.5129
-26.4709
-26.5521
-27.4189
-27.8964
-28.3202
-28.1775
-28.4288
-29.2111
-29.8355
-31.3795
-32.0034
-32.3101
-32.9795
-34.2767
-35.9218
-37.3296
-38.3394
-39.3425
-40.1450
-40.6103
-41.3191
-42.1730
-43.3754
-44.0696
-44.5724
-45.3581
-46.1829
-47.0459
-48.0021
-48.1711
-48.7206
-48.8363
-48.6709
-48.3140
-48.7202
-49.5551
-49.5602
-49.4123
-48.9985
-49.6625
-49.4177
-49.4652
-49.5676
-49.5288
-50.3731
-51.3748
-53.1824
-54.1146
-54.9460
-55.5393
-55.6139
-56.0389
-56.5743
-57.0014
-57.1864
-58.0377
-58.0638
-57.8500
-58.1371
-59.5348
-60.5754
-61.3133
-62.1017
-63.3443
-64.2187
-64.9607
-66.1612
-67.4495
-67.7921
-68.9181
-69.6818
-70.1447
-71.2560
-71.9800
-73.0096
-73.7886
-74.5049
-75.2031
-75.4044
-76.0611
-76.7444
-76.1754
-75.8404
-76.2164
-76.6173
-77.2997
-77.7662
-78.4394
-78.3888
-79.1677
-81.3034
-82.5860
-84.2831
-84.4018
-85.6028
-86.7649
-86.9332
-87.8330
-88.9248
-90.0046
-90.6501
-92.2424
-93.6404
-94.9738
-95.5131
-96.0994
-96.4165
-96.9410
-98.3039
-98.8296
-98.7347
-98.7591
-98.4937
-98.7133
-99.7160
-101.4191
-102.3332
-103.1145
-103.9129
-104.4126
-104.7972
-105.7696
-106.8613
-108.1024
-108.1292
-108.3996
-108.7191
-109.2356
-110.5427
-112.1038
-113.4060
-114.6079
-116.0316
-117.7347
-119.1963
-119.6461
-120.5903
-122.0202
-123.5718
-124.7875
-126.4394
-127.8742
-129.6397
-131.3572
-133.5149
-134.7314
-135.6210
-137.2544
-138.8285
-140.0501
-140.2068
-140.3772
-140.6931
-140.3241
-140.7580
-141.7281
-142.0524
-142.8084
-143.1719
-143.5242
-143.9616
-144.3002
-143.5991
-144.0776
-144.5103
-144.9089
-145.3341
-145.5434
-146.0551
-147.4838
-149.1101
-150.9230
-151.8958
-153.1019
-153.5510
-154.6993
-156.6218
-158.6970
-160.4590
-162.2646
-164.2849
-165.3206
-165.6424
-166.9947
-168.0728
-169.6455
-170.9945
-172.2193
-173.7259
-174.4586
-174.6877
-175.0072
-175.4580
-175.8494
-176.2317
-176.8189
-177.3199
-178.2342
-178.6885
-179.4231
-180.4311
-181.7032
-183.3619
-185.2881
-186.3135
-186.6527
-187.3199
-188.2291
-188.3715
-188.5433
-189.1066
-189.9745
-190.5813
-192.3195
-194.3169
-195.3523
-196.0377
-197.0107
-198.2786
-199.0303
-200.0008
-201.4379
-202.5958
-203.8707
-205.2680
-206.9373
-208.0290
-209.0146
-210.7235
-212.4242
-213.1965
-213.8687
-214.6781
-215.9443
-216.8674
-217.7117
-218.6475
-219.7054
-220.8959
-222.1668
-223.5708
-225.7157
-227.3972
-229.0686
-230.4288
-231.3680
-232.4280
-233.5065
-234.2005
-235.2158
-236.8500
-238.0959
-237.9517
-238.1237
-239.3924
-240.7926
-241.7306
-243.0109
-244.2365
-244.8959
-245.1455
-246.1085
-246.8837
-247.6196
-249.2255
-250.5798
-251.7996
-253.3743
-254.5523
-255.2844
-256.6993
-258.0698
-258.9708
-259.8664
-261.2814
-262.2794
-263.3854
-263.4890
-263.8317
-264.6289
-265.9573
-267.5755
-269.9791
-271.4682
-272.5416
-273.0813
-273.2594
-273.5960
-274.2637
-275.7631
-277.4303
-279.1895
-280.3044
-281.8340
-283.9674
-285.2464
-287.0302
-287.9961
-288.7487
-289.4175
-290.7371
-291.4289
-292.0436
-293.0426
-294.2072
-296.1103
-297.5084
-298.2949
-298.4915
-298.7077
-299.7361
-300.2399
-301.6685
-303.0042
-304.3344
-305.5905
-306.8376
-307.8249
-309.2356
-310.7265
-312.0882
-313.1779
-314.7036
-316.0514
-317.4969
-319.3566
-320.4972
-322.4255
-324.0651
-325.6058
-327.3161
-329.0442
-330.4002
-332.2205
-333.2592
-334.4734
-335.7284
-336.2673
-336.9136
-336.9545
-337.5657
-338.2289
-339.6859
-341.0488
-342.2213
-343.5464
-344.2901
-346.4479
-347.8488
-348.7359
-349.7179
-350.2228
-351.2768
-352.2045
-353.2112
-354.0217
-354.8852
-355.8848
-356.8520
-357.6168
-359.0864
-360.7837
-361.8233
-362.8622
-364.2631
-366.1161
-368.3524
-370.5338
-372.5663
-374.0613
-376.1153
-378.3439
-380.5838
-382.5904
-384.7511
-386.9850
-389.3661
-391.9533
-394.9295
-397.3312
-398.6508
-400.4195
-401.6837
-403.2692
-404.1945
-405.3971
-406.9159
-408.6941
-411.1908
-413.2750
-416.1146
-418.3915
-420.8979
-422.8716
-424.7202
-425.6399
-427.3539
-429.1293
-430.7591
-431.3643
-431.6644
-431.8926
-432.5205
-432.6741
-433.1786
-434.4868
-435.8987
-437.5826
-438.9164
-441.0899
-442.4231
-442.6386
-443.8289
-444.9823
-445.8637
-445.6029
-445.6819
-445.9544
-446.2050
-445.6839
-445.8966
-445.9080
-445.9435
-446.4908
-447.2963
-448.0714
-448.8082
-449.5678
-450.2897
-450.3599
-451.1653
-451.7669
-452.3727
-452.7067
-452.9181
-452.4848
-452.2337
-452.6534
-452.3384
-451.5965
-451.0099
-450.7255
-450.5150
-451.5169
-451.7190
-452.1618
-451.9844
-452.2095
-453.0077
-453.5465
-454.5127
-454.7469
-455.2872
-455.2755
-455.0177
-455.1472
-455.1737
-455.3664
-455.8592
-456.4220
-456.6721
-457.5950
-458.6972
-459.0123
-459.1950
-459.9087
-460.7298
-462.3185
-463.6734
-465.2947
-466.2718
-467.1671
-468.0909
-469.5056
-471.3298
-472.8827
-474.0070
-474.9355
-476.5962
-478.2901
-479.8430
-480.7058
-480.7851
-481.3227
-481.5874
-481.6990
-482.0905
-482.9512
-483.9490
-484.7601
-485.4971
-486.0669
-487.1095
-487.9718
-488.4741
-488.9715
-489.3725
-489.6391
-489.8152
-490.7748
-492.8060
-494.2787
-494.8249
-495.2909
-496.0865
-496.9682
-497.7663
-498.6827
-498.5774
-498.4943
-498.9282
-499.0849
-498.3579
-498.3336
-498.1779
-498.3860
-498.4507
-498.4143
-498.2343
-497.8916
-497.3731
-497.0060
-496.5051
-496.6036
-497.0191
-497.0028
-497.3302
-497.0002
-496.5499
-495.7132
-495.0692
-494.8519
-495.2817
-496.0880
-496.7753
-497.5018
-498.8859
-499.8775
-500.4512
-501.0334
-501.3071
-501.0027
-501.0245
-500.7280
-501.3454
-502.1559
-503.4066
-504.4487
-505.4049
-505.6068
-505.7912
-506.1667
-507.1218
-507.9137
-507.8522
-507.7917
-507.6258
-507.2159
-507.1508
-506.7355
-506.6564
-506.6616
-506.8534
-507.0363
-507.0672
-506.3461
-505.8156
-506.2963
-506.4003
-506.6151
-507.0062
-507.7531
-508.5489
-509.0253
-509.4237
-510.0614
-510.8181
-510.5545
-511.2119
-512.4835
-513.4442
-514.2679
-515.1981
-516.2199
-517.0691
-518.2610
-519.6266
-520.9195
-521.8720
-523.1441
-523.8071
-524.8000
-526.4040
-527.4757
-528.4568
-530.0403
-530.8073
-531.9117
-533.1155
-533.2279
-533.6685
-534.0059
-535.0135
-536.1658
-537.0453
-538.1354
-538.9858
-540.2963
-540.2820
-541.0466
-542.1077
-542.5944
-543.0956
-543.5607
-543.2511
-542.7724
-542.5681
-542.9369
-543.2788
-543.2576
-542.9177
-543.0958
-543.4650
-544.4404
-545.1959
-545.8068
-546.4131
-547.5098
-548.7882
-549.4266
-549.6744
-549.5084
-549.5542
-549.8457
-549.8505
-549.5862
-550.1490
-551.1784
-552.2811
-552.7642
-552.9664
-552.9061
-552.7212
-553.5391
-554.0343
-555.4959
-556.5663
-556.6336
-557.0844
-557.5145
-559.0443
-561.1210
-562.4436
-562.6989
-563.3095
-563.6678
-564.5361
-566.2463
-566.8588
-568.1778
-569.5554
-570.0181
-570.5357
-570.7805
-571.0511
-570.9520
-571.2652
-572.4409
-573.2818
-574.5147
-575.7013
-577.1950
-577.7640
-578.7278
-579.7789
-581.1024
-581.4549
-581.9216
-582.4985
-582.9981
-583.9545
-585.1901
-586.7148
-587.3786
-587.7511
-587.7653
-587.4285
-587.3103
-587.3437
-588.6824
-589.0670
-590.3524
-591.2616
-592.1364
-593.1045
-593.2939
-594.4974
-596.0206
-597.5001
-599.1745
-600.9298
-601.9421
-602.8298
-604.2718
-605.5808
-605.6548
-605.4355
-605.8592
-606.2344
-606.7749
-606.0828
-605.7203
-606.1176
-606.7491
-607.1769
-607.7010
-608.6307
-609.4279
-610.6054
-610.9118
-611.7680
-612.4271
-613.3609
-615.0005
-615.8471
-616.4710
-617.1028
-617.4920
-618.3262
-619.6342
-620.3467
-620.8413
-622.4337
-623.7682
-625.1526
-625.7844
-627.5833
-628.4003
-629.6950
-630.7783
-632.4838
-632.9132
-633.6100
-633.7522
-633.7923
-633.9539
-634.3409
-634.8395
-635.6180
-635.8956
-636.2507
-635.8987
-635.7684
-635.7721
-635.8850
-636.5416
-637.2082
-637.8453
-638.8671
-639.7679
-641.7514
-642.9859
-643.5150
-644.5092
-644.9737
-645.6251
-646.5167
-647.6270
-648.6806
-649.1122
-649.6894
-650.1630
-650.2192
-650.4328
-650.5867
-650.9752
-651.1052
-650.7184
-651.0407
-651.2368
-651.7610
-652.2709
-652.7256
-653.4003
-654.5006
-655.6916
-656.7840
-657.3384
-657.2008
-657.0436
-657.3916
-657.4831
-657.8694
-658.8815
-659.8422
-660.7284
-661.2284
-661.0849
-662.6822
-662.7695
-662.8210
-662.7672
-663.0847
-664.2861
-665.5653
-666.1136
-667.1571
-666.9599
-666.2432
-665.4409
-665.7272
-666.0433
-666.1483
-666.0140
-665.6356
-665.5290
-665.1177
-665.2238
-665.7692
-666.2659
-666.9373
-667.5638
-667.8244
-668.9392
-670.9092
-671.8358
-672.1932
-672.8627
-673.4360
-673.4372
-674.0816
-675.0886
-675.6696
-676.3613
-677.3804
-678.3049
-678.6561
-679.2023
-679.6623
-679.3962
-679.3686
-679.4414
-679.9938
-680.3584
-680.4091
-680.3225
-679.9941
-679.8631
-680.1926
-681.5758
-682.5325
-683.5075
-684.3383
-684.6120
-685.3017
-686.4827
-688.1788
-689.8102
-691.4553
-692.6212
-693.3296
-694.3132
-695.0134
-695.3009
-696.1512
-697.0124
-697.3460
-698.0014
-699.3375
-700.1125
-700.9482
-701.0746
-701.4234
-701.7774
-702.0164
-701.9369
-702.3344
-702.8484
-702.9405
-703.1516
-703.7899
-704.0611
-704.4950
-705.2116
-706.7678
-707.6900
-708.8540
-710.0955
-711.1657
-711.6496
-712.4190
-712.5375
-712.6963
-712.8472
-713.1657
-713.9179
-714.3850
-714.9821
-715.8356
-716.4595
-717.8774
-719.0283
-720.0782
-721.1286
-722.0306
-723.3682
-724.9957
-726.1735
-726.9696
-728.1528
-729.5738
-731.6502
-734.4494
-736.9573
-739.7065
-742.4639
-744.5974
-746.5983
-748.5944
-750.7294
-752.7266
-754.0966
-755.6216
-757.2113
-759.5720
-761.9818
-764.1255
-765.5460
-767.0685
-769.9484
-772.1016
-772.9765
-773.9607
-775.0488
-776.3390
-777.1592
-779.1568
-780.1882
-781.3269
-783.1283
-784.7257
-786.8614
-788.1617
-789.8404
-791.3130
-792.3530
-793.5951
-794.6518
-795.6054
-796.6278
-797.0617
-797.8416
-798.6873
-799.2897
-800.0968
-800.9566
-801.6647
-802.6896
-803.3551
-804.4192
-805.5555
-806.1268
-806.6731
-807.5443
-807.6109
-808.0263
-808.6914
-810.5517
-811.6652
