0.7216
0.7183
0.1532
0.5524
-0.0105
-0.0060
0.1140
-0.0648
0.2747
0.8362
0.6922
0.4360
0.6159
0.6905
0.4340
0.1039
1.0886
0.2584
0.6097
0.4096
1.3078
0.7281
1.0512
0.5121
-0.2406
0.7498
0.6112
1.3659
0.8386
0.7281
0.4556
0.9943
0.7520
0.6578
0.8117
1.1186
0.7571
1.1427
1.2688
0.6861
0.9695
0.4635
0.8719
0.0126
-0.0109
0.4268
0.0785
0.3402
0.7673
0.0681
0.6930
0.3152
0.4075
0.1063
0.5503
0.2671
0.6575
0.8953
0.6458
1.1403
0.9728
0.8266
0.3226
0.1373
0.2723
0.7196
0.5017
-0.0133
-0.2011
-0.4194
0.3566
0.8945
0.4650
1.1841
0.6542
0.6811
0.5992
0.5273
0.9380
1.5383
1.3070
1.1089
2.0270
2.1362
2.1075
0.3658
-0.1527
0.0535
0.4781
1.0884
0.7455
1.6908
1.4356
1.7958
1.1859
1.8065
1.6112
1.3347
1.5512
0.1359
0.5631
1.2791
1.0424
1.2338
1.5801
1.2902
1.2928
1.3717
1.7597
2.0018
1.5599
1.9966
1.4398
1.2215
1.4472
1.4608
0.5467
0.8011
0.4568
0.2696
1.4999
0.9338
0.0073
0.4886
0.7415
1.1538
1.2857
1.4928
1.2669
1.6717
0.9293
0.7443
0.9543
0.9863
0.8320
0.2795
0.5744
-0.0806
0.1108
0.4844
0.4510
0.9273
1.0542
1.1277
1.2648
-0.1151
-0.1245
0.5102
-0.2293
0.2999
-0.5249
0.3351
0.4195
0.5864
0.5853
0.0014
-0.3858
0.1892
0.9800
1.0361
0.7789
-0.1624
-0.0365
0.2748
0.9522
0.3296
0.1123
0.6711
1.0594
1.0934
1.4942
0.9740
0.3972
-0.7852
-0.4696
-0.2027
1.3177
0.3282
0.2201
-0.0502
0.8146
0.7879
0.4557
-0.0180
0.3696
0.1240
1.0094
0.4874
0.7271
0.8562
0.2052
0.6881
-0.0934
-0.3524
-0.2386
-0.0928
0.1413
0.0240
0.1869
-0.3320
-0.9242
-0.7542
-0.1585
-0.1478
0.5128
-0.3002
0.0987
0.1859
0.6164
0.2605
0.5010
0.8137
-0.4628
-0.1048
0.9014
-0.5448
-0.4459
-0.5039
-0.4770
0.0835
0.2184
0.1744
0.1304
-0.0897
-0.0549
0.1934
0.2116
-0.1348
0.3241
0.2160
0.4878
-0.3253
-0.1679
-0.3150
-1.0293
-0.2514
0.1249
-0.6508
-0.6304
-1.1328
0.1589
0.8389
0.1851
0.2357
0.1066
0.0645
0.4791
0.1921
0.0730
-0.1198
-0.0723
0.5964
0.4374
0.3644
0.1036
-0.2683
0.0648
-0.1699
-0.0894
1.0175
0.8002
0.6475
0.8859
1.2263
0.9569
1.2884
0.7578
1.8689
2.0060
1.7069
1.7467
1.4242
1.6997
1.0992
0.7308
1.3121
1.1770
1.2513
1.0337
-0.1650
0.3021
1.7883
1.6269
1.1361
0.7630
0.6090
1.5115
1.4556
1.6823
1.5729
0.9719
0.6359
0.3728
-0.2384
0.3143
-0.0997
0.5520
0.9121
0.5843
0.7608
1.5966
2.0064
0.5316
0.4738
0.5198
0.8957
0.3902
1.0087
1.3584
1.2505
0.4927
0.1484
0.8494
0.7225
0.1633
0.7206
0.5383
-0.1996
-0.5823
0.1098
0.9002
0.8340
0.4647
0.0381
-0.0750
0.3533
-0.5627
-0.5060
-0.6121
-0.4237
-0.2371
-0.9276
-0.3280
-0.4490
-1.0195
-0.8495
-0.8078
0.0378
-0.1712
0.2543
-0.9422
-0.6043
-0.2268
-0.6593
-0.2355
0.0026
-0.2105
0.3636
-0.1747
0.2363
0.2199
0.0793
0.5942
0.6118
-0.1220
-0.1161
-0.1468
-0.0590
-0.4372
-0.3288
0.1278
0.4830
0.1162
0.1763
0.6780
0.9140
0.3570
1.0738
0.7093
1.1015
0.7036
0.6330
0.5329
0.2420
1.5428
2.1255
1.3368
1.7515
1.1482
1.5019
1.0931
0.5458
0.8958
0.1904
0.0681
-0.6319
0.2403
0.9499
1.2598
1.0604
0.5066
0.6347
0.9033
0.4298
-0.7362
-0.9647
-0.1356
-0.3908
-0.4340
0.0428
0.5635
0.0334
0.5828
0.6858
0.5697
0.1272
1.3673
0.8033
1.0276
0.7708
1.1646
0.6527
0.4864
0.6699
1.0006
1.5688
1.6876
2.0393
1.6047
1.0014
1.1780
0.7439
0.9180
0.8991
0.3197
1.0006
1.2595
1.3284
1.5559
0.9909
1.4145
0.2754
0.1062
0.8061
1.2087
0.7856
0.2895
0.7166
0.5893
1.3392
1.0527
0.2473
1.3498
0.9213
1.6000
1.4779
1.2368
1.5138
0.9131
0.9949
1.3669
1.0530
1.1012
1.1192
1.1156
0.2785
0.6972
0.0516
-0.4210
-0.1174
0.0982
0.4545
-0.3585
0.3259
0.2468
0.2690
0.5870
1.0574
0.8854
0.0947
0.4423
0.3141
0.0915
0.4715
-0.3010
-0.2464
0.4875
-0.1052
0.1505
0.2231
0.1140
0.2699
-0.4011
-0.0812
0.5448
0.1199
0.5499
0.2989
0.3684
0.9927
1.0472
0.3765
0.5485
1.6358
1.3754
1.1604
1.0729
0.4589
0.3512
0.3565
1.5482
1.6572
0.8518
0.3863
0.9592
0.5517
-0.3729
0.3115
0.1776
1.2173
1.2453
1.6988
1.2278
1.3279
1.6546
1.3818
1.2850
0.8881
1.0936
1.0790
1.4756
1.6176
1.6939
1.3818
0.3245
1.3308
1.5739
2.0880
1.6502
0.7376
1.7051
1.0591
1.4927
0.9761
1.3617
1.5064
1.1040
1.0811
0.4408
0.5940
0.4466
1.2123
0.0583
0.3667
-0.0519
0.1457
0.3146
1.3078
1.3092
0.5992
1.0613
-0.0540
-0.4879
-0.7839
0.2518
0.1071
0.6004
0.8412
0.8420
0.9472
0.8855
0.0741
0.0827
0.6672
-0.6037
0.7826
0.8519
0.4474
0.7895
0.9328
0.5975
-0.0273
-0.3942
0.3379
-0.0415
0.8156
0.2579
-0.1045
0.3047
0.2481
0.3502
0.9528
0.7632
0.4762
0.9164
0.6346
0.4483
0.2219
0.8507
-0.1071
0.4986
0.4471
0.2656
1.0522
0.7418
0.9615
0.7538
0.3462
0.3217
0.3947
0.5777
1.3870
1.7224
1.4779
1.1948
1.3627
1.5624
1.2111
0.9839
0.5476
1.1080
0.3971
0.5143
1.3924
1.7186
1.1081
1.0398
0.6508
0.9370
1.0183
0.4605
0.0686
0.7929
0.4892
0.1917
0.4722
0.5390
0.9060
-0.8454
-0.4488
0.1067
-0.3674
0.3518
0.7303
0.1711
0.3802
0.4739
1.1418
1.5716
0.9545
1.1068
1.7299
0.9185
1.0916
1.1206
1.2093
1.1064
0.7621
1.0324
1.0341
0.4828
0.2491
1.0205
0.0888
1.2027
0.6130
1.2232
1.5512
1.1163
0.9905
1.2822
1.1302
-0.0044
1.0847
0.4006
1.0432
1.3272
1.0903
0.7238
1.0660
0.9351
0.4667
1.1336
1.8201
2.0252
1.6126
1.8602
1.1029
0.6356
0.5921
0.9167
0.4865
0.2242
1.0621
0.9751
1.6500
1.1066
1.2958
1.5264
1.0077
0.6984
1.2781
-0.4022
-0.0888
0.9293
0.8671
0.9128
0.9952
0.6727
1.0772
1.1314
1.4614
0.9702
0.8644
0.1517
-0.2163
0.4958
-0.0633
-0.4026
-0.0288
0.1568
0.2982
0.8076
0.6705
-0.0702
0.2444
0.0727
0.5861
0.4232
1.8341
0.8824
1.8336
0.7328
0.9060
1.7253
1.0651
0.7375
1.0548
0.8476
1.1265
0.4905
0.3361
0.9696
1.6339
2.3113
2.2464
1.1642
1.4354
1.1848
0.9186
0.8484
0.9346
0.3556
0.4354
1.3000
1.5313
1.7650
0.7713
2.0621
1.3892
1.6537
1.6140
2.1520
1.8283
1.7870
1.5641
2.0382
1.7824
1.5802
1.8868
1.5505
1.8565
1.4164
1.3402
0.7322
0.7850
1.3706
1.2171
0.8789
0.6962
0.7106
1.0109
1.6220
1.5543
1.1698
1.5067
2.2627
1.6862
1.3115
1.1831
1.9991
1.6525
1.6737
0.7130
0.7905
0.5516
1.0705
1.5580
0.7357
1.2488
1.0502
1.3387
1.7808
1.6690
1.8201
1.9430
1.3700
1.7805
1.6169
1.5807
1.6726
1.6891
1.4838
1.5923
1.9180
1.3011
1.4941
1.7790
1.5500
1.1423
0.7148
-0.0673
0.6149
1.3957
1.7445
0.4231
1.7748
1.6446
1.5223
0.5075
1.2427
0.3236
0.6458
0.8754
0.7804
1.4415
1.4997
1.4431
1.5197
1.6483
1.1815
1.1497
0.3936
0.3887
0.2099
0.8562
0.5646
0.7908
0.6416
0.6727
0.5571
0.7610
1.4452
1.2796
1.2284
1.0602
0.8841
0.5416
0.4874
0.9373
1.9662
1.4903
0.8224
1.1127
0.6492
1.0565
0.8270
1.3068
1.5877
1.1438
1.5599
1.6256
1.4798
1.6254
1.6376
1.4125
1.3725
1.5367
1.1581
1.3420
0.4927
0.5192
0.1589
0.3615
0.2271
0.1717
0.5436
0.6725
0.2510
-0.0446
-0.1567
0.6135
0.4620
0.7058
1.0188
0.7535
0.4081
1.4071
0.8712
0.3411
0.9301
1.3501
0.6080
-0.2117
0.7328
1.3171
1.0393
0.9547
1.1350
0.6376
0.3141
1.1727
1.3257
1.9105
0.9758
0.4338
0.4372
0.1714
0.4821
0.5217
0.3924
1.0131
1.2276
0.9080
0.4144
0.0183
0.6218
0.6518
0.3375
0.3254
0.1566
0.6600
0.3681
-0.4468
-0.1562
-0.5385
0.9288
1.0259
0.3984
0.5737
0.1793
0.6884
0.5929
0.4094
0.1478
0.3684
0.4212
-0.1023
0.2155
0.4596
0.8943
0.3431
0.8397
0.3321
0.6581
0.2431
0.6774
0.3602
0.7303
0.6298
0.0242
0.2052
0.5766
0.5248
-0.1776
-0.3706
0.1330
0.7233
0.8143
-0.3726
0.0794
0.2276
0.6732
-0.1444
-0.0589
0.2672
-0.6619
0.1991
-0.2378
0.1662
-1.0088
-1.1464
-1.2557
-0.6944
-1.0261
-0.0616
-0.7407
-0.6020
-0.4200
-0.5637
-0.3438
0.0292
-0.3427
0.1777
-0.1829
-0.5633
-1.0380
-1.0235
-0.8445
0.2004
0.3317
-0.1753
-0.6587
-0.0190
0.0718
0.1625
0.6386
0.4253
-0.3459
-0.4902
0.0411
0.2800
0.6803
0.8587
0.3717
1.1284
1.5692
0.6998
0.9189
0.6367
0.5914
1.0468
1.0369
0.1021
1.1706
0.4272
0.8782
1.0415
0.1939
0.0045
0.9814
0.1083
0.5581
0.7198
