-2.3409
-1.8609
-1.4630
-0.8746
-0.7077
-1.0096
-0.8970
-1.1306
0.1299
0.4719
0.1327
-1.0557
-1.6524
0.6019
-1.4741
0.8897
-1.4361
0.6239
-0.3748
-2.4082
-0.5271
0.4120
-0.7752
-0.5125
-1.5576
-0.5942
-2.4741
-3.0539
0.1979
0.2289
0.7178
-0.4140
0.6445
2.3033
1.0913
0.9946
-0.1227
1.1765
0.1031
-0.2145
-0.0023
-1.3695
-1.6656
-0.5612
-0.9312
-0.8131
-0.7778
-0.9026
0.0909
0.3674
0.0833
-0.0937
-1.1479
-1.9480
0.0902
-0.5662
1.1061
0.6003
-2.0049
-0.2632
0.4971
-0.2633
-2.3983
-0.0723
-0.5949
-0.0936
-0.5572
-0.2853
-1.0749
-0.5446
-0.1679
-0.8088
-0.0369
-0.7141
-0.1924
0.2612
2.2410
-0.2276
0.3585
1.3925
-1.7147
0.8949
1.3750
1.6180
1.1242
1.9796
2.6643
-0.4054
0.2116
2.2090
0.1868
-0.2000
1.1827
0.9804
0.4824
-0.3543
-0.6942
0.6837
2.0085
0.7859
2.0180
-0.1253
0.3625
1.0028
-0.9936
-1.7267
-0.4578
-0.6944
-1.3160
0.0039
-0.8700
0.7988
0.0236
-0.0136
1.0662
-0.2399
-0.7553
-0.0498
-1.1380
1.0641
0.6252
-0.3570
0.3373
0.8790
1.5563
2.0760
0.6090
1.3079
1.1938
0.6485
0.1744
-1.4222
-0.5738
-0.6735
-0.3039
0.0124
-0.8908
-2.4390
0.7317
-1.2035
1.0363
1.0197
0.4428
1.3422
0.1258
0.0088
0.5558
1.4403
2.3095
-0.1241
-0.3274
-0.2315
-0.5826
0.9170
-1.4783
-0.2938
0.5169
0.3193
-0.3792
-1.3197
-0.1794
-0.9087
-0.8322
-0.0824
1.0154
-0.5015
0.1132
0.8140
-0.2966
-0.8030
0.0344
1.9377
0.9845
-0.1403
-0.6208
-0.8277
-1.8083
-0.0248
-0.2544
1.8743
0.7487
-0.4193
-0.4529
1.4770
-0.3637
-1.1814
-1.5195
-1.4368
-0.1926
-0.9419
0.4168
0.9741
-0.1779
0.2807
-0.7683
-0.0694
-1.0667
0.7634
0.4568
-1.3846
-0.5236
-2.6370
-0.9262
2.7233
2.5928
0.9248
0.7392
0.7508
1.0317
0.4941
0.4453
0.5282
-0.4070
-0.2435
-0.0792
1.0274
-1.2900
-1.0167
-0.8812
1.0166
0.2505
-0.2212
-0.6203
-1.5697
1.7426
2.2603
1.5733
-0.4370
-0.0072
0.0296
2.4692
0.9947
-0.2901
0.3505
-0.1248
1.0182
2.3246
0.7012
-0.2013
-0.3370
-0.5219
0.1112
-0.6628
0.3245
0.0366
1.4138
1.8577
-0.4297
-0.9259
-1.0077
-0.1310
0.8207
0.1767
-1.0646
0.2742
-0.1852
-0.4543
1.4031
0.6116
1.1861
-0.4913
-0.6427
0.4711
1.7435
-0.3101
-0.3215
2.0720
1.4138
1.1448
0.3884
-0.4583
-0.2256
0.3788
2.1029
0.7349
0.8063
1.2161
-0.3768
0.9913
1.2925
0.9336
0.3640
-0.5905
0.0999
1.0893
0.4211
-0.7180
1.2697
-0.4385
0.2019
0.8688
0.4152
1.4598
0.5069
-0.0378
-0.4662
0.6941
0.4169
-0.8163
1.7961
-0.0389
-0.7417
-0.5795
0.7849
-1.0577
-0.0556
1.4567
-0.7107
-0.6653
0.6595
-0.1468
-1.5021
-3.2301
-2.5582
-0.7033
0.4081
0.7690
-1.0800
-0.5722
-0.1723
0.5821
0.7156
-0.9329
-0.7796
-1.6465
-0.4518
-0.6341
0.1355
-0.8927
0.8011
-1.2661
-1.2582
-0.1247
0.0382
-0.4218
-1.5757
-2.4553
-0.5310
-0.2835
0.2521
-1.6459
-0.6420
1.2848
1.2854
0.0545
0.4922
1.6597
-0.6118
-0.0331
0.6287
0.8621
-0.5701
0.3849
1.1319
-0.8131
0.3295
0.4375
0.0769
-0.3931
-1.0966
0.3826
-0.2434
-0.8382
-1.7628
0.3629
0.2685
0.6598
-1.1090
-1.9667
-0.9752
-0.4517
-0.0889
0.5609
1.0864
1.2853
-0.9319
0.0756
-0.5440
0.0817
1.0830
1.0912
1.4401
-0.4460
-1.9857
1.4518
0.4339
-0.0781
-0.1784
1.4074
0.3630
0.5097
0.8286
1.1622
0.2479
-0.1706
0.6484
-0.4113
-1.1386
-0.3539
1.0600
-0.0185
0.7560
1.1148
-0.7333
0.2550
-0.2109
-0.7363
-0.3771
-0.5979
0.5032
0.3227
0.0470
0.1281
0.7539
1.2088
0.3668
0.4851
-1.0752
1.2064
1.1461
1.2530
2.1216
2.1504
1.4529
-0.3922
0.1529
0.5940
1.6192
0.9483
0.9276
-0.0876
-1.3060
-1.7006
0.1269
0.1603
0.3610
-0.2831
-0.3426
-0.7918
-2.5723
-0.8649
0.3160
-0.6446
-1.0847
-0.1735
0.0082
0.1635
-0.0494
0.2397
0.5810
0.7095
-0.4799
-0.2781
-0.8260
0.7309
0.3446
0.9813
-0.1945
0.3052
0.5206
-0.4159
0.4078
-0.4036
-1.3800
-0.3924
-0.5154
-0.6733
0.8749
-1.1585
0.4307
-0.6397
0.5130
-0.7866
-0.0186
-2.4674
0.0230
-0.0146
1.5467
1.8013
2.6867
0.4790
0.6420
1.1236
0.6570
0.5701
0.3160
-0.8565
-0.2039
-0.8586
0.2325
0.0993
-0.7656
-0.2601
0.9885
1.7886
1.0893
1.6901
0.7481
-0.4564
-0.3184
-0.3082
-0.5061
-1.3257
-0.0597
1.0145
-0.3928
-0.0657
0.7961
-1.4915
-0.4774
1.3685
1.2513
0.1019
-0.6596
0.2789
-0.1014
0.0105
1.9090
0.8913
0.9500
0.0193
-0.1862
1.5989
0.9299
-0.3569
-1.3669
-0.2683
-1.0926
0.5980
0.6805
0.1613
2.2705
0.6114
-1.9662
-1.7762
-0.3921
0.0962
0.1908
-0.0257
1.1090
0.2664
1.5606
0.7657
0.2805
2.7503
0.7308
-0.2840
-0.2762
0.7298
-0.1652
-0.5290
-0.2193
-0.1677
-1.1945
-0.8582
-0.8312
0.5894
0.1336
-2.0771
0.3713
-0.2088
0.6797
0.8056
-0.1925
0.3932
0.1998
-0.0643
0.6630
-0.8409
-0.4452
0.8293
0.8971
1.4040
0.2536
2.3951
1.2250
1.1961
-0.4942
-0.6586
-0.0891
0.3903
1.1982
0.4063
0.2605
0.5213
0.6610
-1.2424
0.4622
-0.0578
-0.2262
-0.2742
-0.0340
1.1277
1.0993
0.2286
0.4931
1.2204
0.4262
-0.5021
-1.7919
-0.2137
-1.1902
-0.1643
-0.4708
1.1012
-0.7319
-1.8979
-0.7520
-0.2742
-1.1710
-0.6434
-0.4101
-0.6701
0.4340
0.2683
-1.5362
-0.8231
-1.1669
-0.2722
-0.5612
-0.4738
-0.2494
-1.0516
-0.4813
-0.1619
-0.5268
1.3351
-1.2101
1.3756
0.3059
0.9585
-0.0417
-0.7016
0.4678
-0.1658
0.0455
-1.0158
0.8456
-0.2335
-2.3235
-0.4893
1.3544
0.1939
-0.1422
1.1743
-2.2730
-0.5306
-0.1901
-0.6222
-0.2790
-0.2827
-0.0015
-0.1548
-1.3738
-1.2605
-0.1964
0.8122
0.0070
-1.3755
-0.8883
-1.6520
-0.6085
-0.9461
-0.1387
-0.6037
-1.3955
0.7207
0.9346
0.0803
-1.0696
-0.6180
0.5458
-0.7387
0.0110
-0.4024
-0.3811
-1.1629
-1.1900
-2.4427
-0.2708
-0.7802
-0.6916
-1.0134
-1.1324
-0.3132
-2.1500
-1.1230
-2.3625
-1.5426
-1.3384
-1.1777
-0.9542
-0.6397
0.0375
0.4701
-1.5494
-2.2688
-1.5782
-1.0608
0.2629
0.2382
-1.4046
-0.7357
-1.6002
-0.1637
-0.8795
-1.9746
-0.0854
-1.2528
-0.3129
-0.8412
0.7978
0.2514
0.5892
-1.1407
-0.1831
-0.9126
-0.5620
-0.9911
-0.8718
-2.7308
-0.8831
-0.0802
0.1651
-1.7930
-1.6490
0.6177
-0.0078
0.1065
0.3116
-1.4053
0.5514
-0.7163
0.5962
-0.5976
0.2904
1.6023
1.5251
1.3886
2.4677
1.9536
1.3032
0.4492
0.6306
-0.1683
0.7187
0.3969
2.1392
0.0238
0.3068
1.1086
1.3529
0.6521
0.2772
1.1439
1.2542
0.0018
0.0833
0.2094
0.5371
0.0493
0.4523
-0.7139
0.3432
1.5944
1.1300
1.4992
0.6054
0.7020
3.0872
0.7432
0.6603
0.0088
-1.3697
-1.2188
-0.7878
0.8111
1.6105
3.2773
1.1782
1.5502
-0.9384
0.2190
0.4021
-0.0731
0.5209
0.4506
-0.4899
-0.6238
1.1969
1.0930
0.3194
-1.1614
-0.3562
0.2503
0.4593
0.8594
0.3322
0.9910
0.9453
0.9518
1.5144
0.1778
1.8736
2.1498
1.0882
1.2616
1.6704
1.4350
2.1560
0.0992
0.6177
2.2573
0.1327
1.4002
2.6344
2.1417
1.1949
0.6702
0.6371
-0.1150
-0.0240
0.9564
1.8730
2.1490
1.2733
1.0479
2.2231
-0.7435
0.9424
0.1449
-0.9852
-0.2765
-0.0070
0.2678
-0.0745
-0.7187
0.1243
-0.1257
0.3101
0.5907
0.2876
2.1407
1.8250
0.3527
1.0966
2.1898
0.7302
-0.8909
-0.2793
1.4991
-1.0413
0.6712
-0.4117
-0.7650
-0.7574
-2.4221
-1.2435
-0.9275
-0.5518
0.3940
-0.0850
0.1951
-0.1847
1.4364
-0.7788
-0.1999
0.0635
0.5414
0.1679
0.5812
0.7304
0.7478
-1.2183
-0.8634
-0.2551
0.3004
0.2980
-0.1264
0.2308
2.1824
0.6057
0.4866
-0.1499
0.2469
0.3214
-0.1117
-0.9164
-2.1337
0.6084
0.6494
0.6404
-0.4942
0.0809
0.8272
0.8596
-0.3074
0.6812
0.3855
-1.0938
0.3813
-0.0219
0.7314
-0.2518
1.3660
-0.8442
-1.0509
0.0575
-0.4394
-0.0022
-0.9565
-0.8782
-0.5610
0.7832
1.9377
-0.1896
-0.0894
0.3370
0.1462
0.6074
0.0916
-0.1912
-1.0663
-0.3393
0.9659
0.6494
1.2594
1.4813
2.1173
0.0535
0.5647
0.6258
1.1008
-0.3003
-1.1661
-0.4100
0.2085
-1.2172
1.2754
0.2758
0.5006
0.5454
-0.1109
1.1803
-0.9143
-0.6293
-0.8849
-1.6131
0.6309
-0.5447
0.3785
1.5083
-0.9600
-0.1479
-0.6117
0.2140
0.3571
-0.1701
0.1882
1.9193
0.4105
-1.8053
-1.5409
0.3871
-0.4436
-0.1462
-0.5014
0.0796
0.2807
0.2406
-1.5794
-0.6510
-0.5956
0.3317
-0.4267
0.0923
-0.6184
-1.1901
-0.5005
1.0970
-0.4900
0.1819
1.5949
-0.0952
0.5666
0.0475
1.6664
-0.0284
-0.3366
0.4651
-0.8500
0.3208
-0.0271
3.5327
1.6867
1.6567
-0.2929
1.2916
0.2660
1.7577
2.9173
2.5678
1.1364
0.1375
-0.2260
0.7988
0.1373
-0.9675
-2.3382
-0.7236
-0.3664
-0.6620
0.8876
-0.5940
-0.2008
-0.3177
-0.7075
0.4254
0.5026
1.8259
-0.1138
1.1755
0.4745
-0.4887
