0.8877
1.6041
-1.1558
-0.2236
-0.7420
-2.0064
-1.3584
-0.0441
0.0210
0.6911
-0.3424
-0.3331
1.5547
-0.7294
-0.8083
0.5056
0.5588
-0.0338
0.0181
-0.6814
1.2242
0.2076
0.7527
1.1217
0.7099
-2.0729
1.0785
-0.5386
0.0980
0.1703
-1.7120
1.5189
0.3093
0.6991
-0.1395
0.5218
-0.0332
-0.2712
1.0639
-0.0656
-1.0930
0.5682
-0.7720
-0.6147
-0.5505
1.1158
0.1413
-1.1101
-0.3255
0.5938
-0.1786
-0.4863
-2.1426
-1.1954
-0.0133
-1.8087
-0.4785
-0.5136
-0.6857
-0.9415
0.8433
-1.6926
0.7257
-0.2975
-0.2715
0.6310
0.4918
3.1224
-1.3988
0.7887
1.0954
0.6840
0.2065
0.6232
-2.7818
0.7912
0.3752
0.9381
-0.3337
0.0638
-0.0804
-1.4728
1.6244
-2.0498
0.0434
-0.7490
0.7411
0.0743
-2.1719
1.3769
-0.7540
-1.4436
-0.7727
0.6041
-0.3528
-2.7857
1.4464
-0.3371
0.9910
1.0842
0.4614
0.0965
1.4293
-1.4351
-0.6577
-1.2865
-0.4715
-1.4850
1.3223
0.1708
0.5365
0.6013
1.6858
-0.6585
-1.3890
-1.1166
0.5490
0.1729
0.2797
0.2235
-0.2977
-1.7205
0.1988
1.6043
-1.1846
1.0107
1.3774
-0.8408
-0.0266
0.2622
1.0995
1.0953
0.1285
0.1361
-0.5430
0.1898
-1.7681
0.5261
2.3039
1.1260
-1.4911
1.2994
-1.6641
1.2682
0.0556
-1.4916
-1.0987
0.2001
0.9611
-0.7728
-1.1264
-0.6667
0.7384
0.8944
0.0782
1.4508
-0.1197
0.6259
-0.9464
0.2812
0.2343
-0.4568
-0.3596
0.6613
0.9056
-1.1705
-0.5392
1.3765
0.6058
2.0284
-0.3522
-0.1766
-0.2042
-0.1590
1.1525
1.0360
4.0904
1.3457
-2.1185
-0.6641
0.2704
-0.7080
-0.3273
-0.0905
-0.4455
-1.8116
0.0239
-0.9835
0.3008
-2.5101
0.1438
-0.1742
0.3640
-0.5329
-1.0925
-0.1634
0.2272
-0.8933
-1.0950
-0.4417
-1.7034
-1.8292
-1.8859
0.3205
0.1728
0.0591
3.2289
0.4506
0.6358
-0.1903
-1.6229
1.3093
1.1650
0.4520
-2.0372
0.6868
0.3365
2.1330
0.0634
-0.6917
-0.9383
-0.3039
-0.4378
1.0777
2.2628
-1.2263
-0.1901
-0.2129
-1.7870
0.1754
-0.5045
-0.6112
1.1819
0.6595
-0.7272
0.8676
-0.3696
-0.6192
-0.0157
-1.0152
-0.4052
-0.5168
-0.2829
-0.1209
1.9737
0.7716
-0.4910
0.9411
0.8235
0.9537
0.0496
-1.3431
0.6206
0.3645
-0.9972
1.8722
-0.3465
0.8348
-1.0161
1.4072
-0.2698
-0.5309
0.8508
-0.2342
1.7029
1.8353
0.1213
2.4802
-0.5977
-0.8372
-1.2762
-1.2410
0.4217
-0.4123
0.7608
0.3057
-0.6326
-0.4451
-0.8565
0.2099
-0.2389
0.8273
-3.0285
1.8293
-1.1241
0.8284
-1.8573
0.6603
-1.2074
2.3407
0.0364
0.0997
-0.7947
-0.3821
0.0332
0.0238
-0.1734
-1.3335
-1.1703
0.4321
0.4280
-0.8433
1.7296
0.0243
1.4636
-0.6970
1.6024
0.2576
0.6542
-1.2757
0.0845
1.8804
0.0240
0.0818
0.9413
0.7048
-0.0874
0.2993
0.7397
0.0062
-1.0205
1.1393
0.2276
0.0692
1.1372
-1.7859
1.2093
0.1708
0.5052
0.9546
-1.5938
1.9272
-0.1346
-2.2719
-1.6415
1.2727
0.1801
-0.0539
0.3113
-0.9760
0.3650
-0.5101
0.2616
1.6005
0.6315
1.4041
1.1783
0.1003
-0.1707
0.7109
-1.1679
-0.1299
0.5416
0.5568
-0.6085
0.2279
0.0076
-1.1566
-0.9169
-0.4337
1.0683
0.7250
1.3243
0.8805
0.3361
0.0317
0.2059
1.3071
0.2686
1.0241
-0.0338
-2.0908
-0.3161
0.1329
-0.6650
-0.0468
-1.5042
-0.6733
-0.8004
-0.2282
0.4601
0.5664
1.0467
1.0085
-0.4356
1.5347
0.0933
-0.9883
-0.9430
-0.9560
-1.2865
1.2959
-0.2628
1.0125
-0.5135
1.4287
0.3472
-0.9445
0.7979
0.6039
-1.5594
-1.3957
0.1387
-0.7021
-0.5205
0.7641
0.2985
1.0527
0.2958
1.4587
-0.3522
0.1413
-0.0638
0.1328
-1.0917
0.6954
-0.6388
-1.0116
2.5630
-1.0365
-2.2962
-0.2917
-0.8784
1.8086
0.5082
0.2760
-0.4048
-0.0583
-1.8093
-0.6576
1.1008
-1.2003
-0.7775
0.5112
0.3180
0.7836
0.9304
-0.3294
2.3731
-0.1369
0.8860
-0.1349
0.2594
-1.4534
0.3720
-0.2959
-1.4770
0.2787
-2.3161
0.3845
1.0169
-0.6181
0.4285
0.3177
-0.6671
0.0863
-1.1852
0.6872
0.9765
-0.0292
-0.5291
1.9875
-1.7280
1.4370
0.8888
1.1269
1.3095
-2.5114
0.4704
0.0388
0.0383
-0.7246
-1.6223
-0.9664
0.3725
0.0597
0.5892
0.7818
-1.1111
-0.0150
0.5048
-0.8260
1.4611
0.8784
-0.3786
0.0922
0.6208
-0.6545
-1.8860
0.4295
0.0706
-1.2105
1.3645
0.5242
-0.0508
0.5696
0.0988
-0.6104
-1.7135
-0.4286
0.3472
-0.9849
-1.0176
1.3531
0.6819
0.7221
-2.1486
-0.5509
1.2133
0.3392
-2.0446
0.8876
0.0893
1.0526
-1.7465
0.9058
-0.4269
0.4431
-1.9962
0.5301
-2.3868
0.3185
0.0057
0.0637
0.8610
-0.4021
-0.4100
0.1950
1.3941
-0.4678
-0.7125
-1.4448
1.5976
0.7167
0.4190
1.4398
0.2269
-0.6850
-0.3720
0.6675
1.9639
0.7073
-0.2612
-0.0064
0.4234
-0.2903
-1.5468
-0.7431
-0.7011
-1.0777
-0.5265
0.0569
-0.9704
-0.2987
0.8733
0.5013
0.4466
-0.1558
0.5005
-0.7076
-0.1259
-2.2790
0.3179
-2.0059
-0.7534
1.3096
1.6714
1.5631
-1.0908
-0.7635
-0.1380
0.0421
-0.0975
0.7765
0.0114
1.0367
0.3752
0.2712
-0.4717
0.4559
0.8948
1.3605
0.5713
-1.5582
1.8504
-0.5557
0.7050
-2.8406
2.4635
-1.1663
-0.7038
-0.3377
0.3061
-1.0591
0.9903
-2.0262
-0.0278
0.1057
-0.3086
-1.8196
0.3265
-0.9555
0.6563
-0.2374
0.8139
0.7164
0.2597
0.2434
-0.2447
0.6982
-0.8990
-0.1434
-0.1167
-0.4276
-0.4117
-0.5561
0.5390
1.4566
1.1091
-1.3131
0.1316
0.3942
-0.8606
-0.1590
0.6771
-0.9681
-0.0315
0.9179
-0.0987
1.0597
0.4643
-0.6732
1.4761
0.1897
-1.3834
-0.7849
-1.0165
-2.3168
-0.1114
0.2240
0.4935
0.4680
0.4513
-0.7682
-1.1061
0.3286
-0.6539
0.1242
-0.5792
-0.2376
1.0651
-0.6102
-2.5358
-0.3878
0.1795
1.1163
-0.3239
-0.0134
0.5237
0.6167
1.0946
-0.8846
0.5490
-0.5804
0.1048
1.3037
-0.5054
1.5333
-0.0416
-0.5774
0.6850
-1.0023
-0.4544
-0.3461
-0.8727
0.6312
0.9760
-0.6584
0.7832
-1.0260
0.5559
-0.8571
-0.8623
1.0418
-0.4081
-1.1724
0.0475
-0.9968
-1.8438
-0.3233
-1.7407
-0.1588
-2.3952
-0.7687
-0.3527
-0.3389
0.0820
-1.2058
0.1409
0.1736
-0.7092
3.5805
1.1861
0.9251
0.0139
-1.8636
-0.8585
-0.6010
0.2526
-0.8078
0.2205
0.8069
-0.3212
-1.2728
0.1505
0.3753
-1.4203
1.2022
-0.0409
-0.6969
-0.4593
0.9198
0.0005
-0.1274
-0.6667
0.3029
-1.0335
0.2037
3.4088
-0.0725
-0.6225
0.8046
-0.7268
-0.6214
-0.2467
-0.1296
0.2195
0.4987
0.1021
-0.9058
-0.3344
-0.2857
-0.3010
1.3820
2.3820
-0.6077
0.0728
0.4327
1.3387
0.1884
-0.1475
0.4441
-1.3326
0.2455
-0.4177
-1.6974
-0.6148
-0.2951
-0.1010
-0.6233
0.6754
0.1605
-1.2681
-1.3566
0.8356
0.6364
-0.7981
-0.9982
-0.2554
-0.1261
0.0640
1.5008
1.4298
-0.7289
0.7707
0.9038
0.8726
0.6305
0.4546
-0.3415
-0.6494
0.2807
0.6358
0.6602
-1.4916
-0.4488
0.4653
-0.0047
-0.3629
-0.2325
-0.8914
1.0711
-0.2498
-1.0934
0.1547
-0.9719
0.2121
-0.2007
0.8773
-1.3725
-0.1173
0.2423
-0.7838
-0.0059
0.5466
-1.1494
0.5125
1.3587
0.0360
-1.8049
-0.3746
1.6735
-0.7466
1.0277
-0.3559
-0.8030
0.0549
-0.3310
0.7944
-0.3263
-1.4245
-0.4184
-1.1926
1.5615
0.6827
0.5567
1.0584
0.0519
-0.3738
-2.1028
1.3607
-0.4110
0.4393
-0.0475
0.4539
-0.2216
-0.6793
0.6846
1.4283
-1.2586
1.6962
1.8878
0.7455
0.9771
-0.8970
0.7373
0.3939
1.3087
1.1076
-0.0197
0.5861
0.7248
-0.8659
0.7901
-0.1467
0.0684
0.9322
0.4950
1.2783
-0.6200
-0.5299
-0.3501
-0.1912
0.1638
-0.7069
2.2963
0.4276
1.6118
-0.6512
-0.9534
-1.0386
0.5535
0.4868
-0.8298
-1.9612
-1.3617
0.0197
0.7391
1.7401
0.6892
0.7476
-0.1828
-0.7110
-1.9505
0.3776
-1.3214
-2.6352
1.2030
-0.0801
0.4028
-1.1494
-0.2144
0.1275
2.2387
0.6623
-0.7123
-0.2966
-1.1199
1.0872
-0.3940
1.3356
-0.2930
-0.1078
-1.0883
-0.8101
1.1070
1.0236
-0.0752
1.1699
0.2640
-1.3640
-0.9276
-0.7779
-0.3640
0.2026
0.1833
-0.6521
0.3135
-1.0322
0.3150
-1.8741
-0.1565
0.9103
0.1445
1.3919
-0.2569
0.1937
-0.4494
-0.2699
0.6900
0.3869
-1.5279
-0.0909
0.5099
-0.4935
-1.0156
0.2173
0.7033
0.9931
2.4792
1.1106
0.4815
0.5697
0.8189
0.6086
-0.2734
-1.7439
0.0187
-1.4833
-0.1824
-0.5093
-0.1724
1.5965
1.1954
1.9710
-0.4150
-1.7962
1.2967
0.4780
0.1815
-1.2753
0.0781
-0.8769
-0.1914
-0.7491
-0.5312
1.6369
1.9850
-0.5364
-0.5268
0.6981
0.8022
-1.5800
-0.7798
-1.1435
0.4630
1.2856
-0.3758
0.6078
-0.7416
-0.4487
1.2782
0.1994
0.5566
0.8804
-1.0639
0.8427
-0.7564
0.9814
0.8929
1.3479
0.4382
0.7677
-0.4334
-1.4762
-0.5100
0.6894
-0.4577
0.1233
1.0738
1.5730
-0.0771
-0.8319
-0.7091
1.8840
-1.8481
0.2081
-0.3234
-0.0897
-1.7777
-1.4662
1.5835
-1.7547
1.5160
-0.3131
-0.2429
-0.3678
-0.9231
0.7018
-0.3404
0.3821
0.9608
0.3407
-0.0312
