-0.6606
-0.3529
0.3243
0.6980
-0.3097
0.6288
0.3192
-1.6192
-0.7192
0.2097
-0.2062
-0.5770
-0.3929
1.6214
0.2909
0.6881
-0.6507
0.8970
0.1297
-0.0293
0.7944
-0.7004
-1.4702
-0.0559
1.1609
-2.4493
-0.3713
1.2221
-0.9437
-0.5930
1.2980
1.3950
-1.3176
1.8163
-1.1823
-0.1906
-0.3173
1.0530
0.8409
-1.3594
-1.4679
0.4322
0.2000
-0.8492
-0.1831
-0.4238
2.2261
0.9014
-0.0340
0.9673
0.5805
-0.0641
-1.7501
0.3604
0.3013
-0.5411
0.1717
-0.7199
-0.8698
0.4426
-0.0705
0.9363
-0.1972
-2.7411
0.4889
-0.7707
-0.9823
1.4300
0.6268
0.0084
-0.3064
0.3432
0.8329
-0.0160
-1.3893
0.8947
-0.8434
0.3038
0.2260
2.7751
0.4548
1.0033
0.5283
0.2216
-2.1018
0.0934
-0.8517
-0.4302
-1.0302
-0.3641
0.6927
0.4371
-0.3774
0.3141
-0.5257
0.6561
-2.8565
0.6164
-0.8227
-1.9852
1.2185
-0.0226
0.6970
0.2110
-0.2385
-0.9659
0.0487
0.4798
0.1237
-0.1542
0.9702
-1.0052
0.1999
-0.0206
-0.0950
1.0114
-0.3347
0.1640
-0.1826
0.4297
-0.3356
-0.1888
0.3699
-1.2416
1.6180
-0.4923
1.3748
-2.5050
0.9405
1.0841
-0.1162
0.5098
-0.1767
0.6925
-0.8237
-0.1092
0.4136
-1.4763
-1.0452
-0.2427
0.6052
0.5731
0.2940
0.0224
1.5915
-1.1167
-1.6492
-0.9820
1.8489
0.4094
-1.2662
0.4904
0.4434
-0.3970
-2.4465
1.3503
2.9876
-2.7205
-0.9606
0.9218
1.3092
0.1090
-0.0807
-0.3394
-2.0947
1.5903
-1.4046
-0.6659
0.2683
0.0165
0.0764
0.8287
-1.6417
-0.5637
0.4043
-0.8963
1.6525
2.2367
-0.8592
-0.0266
0.2295
0.9042
-1.1268
0.5589
-0.6749
0.2901
-0.3117
1.3075
-1.2104
-1.5280
2.2653
-0.8337
-0.3470
-0.0959
1.4226
0.3717
-1.2111
0.4295
-0.3602
-0.9649
1.1562
1.2008
0.3745
-1.0123
0.3361
-1.0516
0.9427
0.4602
-0.2671
0.5619
-0.8856
-0.3671
-0.7904
0.0248
-0.8243
-0.8348
1.3390
0.7208
0.5558
-0.1182
0.3619
0.5337
-0.7800
-0.4835
0.3899
0.5909
0.0796
1.0801
-1.6512
-0.7028
0.4213
-0.5601
0.0488
-0.4112
0.1555
-0.8507
-0.0809
1.1860
-1.1117
-1.4478
1.8955
-0.2266
0.3223
0.0377
2.2090
-0.8630
-0.4395
0.8316
-0.8612
-0.1312
-0.0444
0.6158
-1.4369
-0.2504
-0.5690
0.7526
1.0864
-0.6976
0.0435
1.7430
-1.1224
-0.1738
1.0075
-0.7387
-0.3204
-0.1342
0.1417
0.4378
0.3967
0.1269
0.6256
1.1287
0.0229
-0.2023
-0.3217
-0.6132
0.2389
0.8648
-0.6360
-0.4748
2.1712
-1.4613
0.2498
-0.7453
-0.3045
0.3048
-0.1586
0.1520
0.0730
-0.8009
0.7899
-0.5915
0.2338
-0.3497
-0.0038
0.5089
-1.2407
2.1696
0.2794
0.9216
-0.8270
-0.9024
-0.5054
1.0885
-0.4200
-1.7353
0.5948
0.8887
1.3207
-1.7768
0.8238
-0.1250
-0.0599
1.5979
-2.3707
0.7290
1.2393
1.0878
-0.5185
-1.4287
0.2818
-0.6730
-1.1753
2.3083
-2.3504
0.7248
-0.4621
0.8076
-0.2910
-0.8492
0.7214
0.1442
-0.3499
1.6272
-1.4727
-0.4579
1.1656
0.0553
0.9127
-1.1580
0.4482
-0.2372
-0.0274
0.1223
1.1847
0.3809
-1.0015
0.7647
0.2532
1.9687
0.1862
-2.3819
2.2591
-1.1188
-0.2907
-0.0832
-1.3350
-0.8308
-0.3510
1.2616
1.0246
-1.8955
-0.7458
0.3364
-2.3675
2.1325
0.5970
0.8758
-1.8967
0.4255
-1.0758
-1.3483
-0.7113
3.0588
-2.3444
-0.1608
0.8012
0.9840
0.1431
0.4075
-0.9075
-0.4592
0.9632
-0.1198
0.2193
-0.3739
-1.1655
0.7079
-0.8302
-0.4949
0.9999
-1.4962
-1.4592
-0.2678
1.8558
-0.8561
-0.1278
-1.0128
0.5449
-0.1834
0.4886
-1.8940
0.4075
-0.0590
0.2282
0.3546
-1.9632
1.1331
-0.8241
0.5835
-0.6363
-0.4535
0.0546
2.0561
0.5402
-0.3764
0.3506
1.3770
-1.3956
0.0968
-0.8807
0.9028
0.2063
0.7876
-2.0434
2.1551
-0.6524
0.5794
-0.0114
1.2152
0.0702
-0.7152
1.0669
-0.8387
0.2594
-1.1597
-0.1434
1.3776
-0.4455
-0.7845
0.6186
1.2467
0.1322
0.9838
0.0789
-1.3283
-0.8941
0.5392
1.6416
-0.6854
-0.9437
0.1750
0.5793
-0.0817
0.4494
-0.1820
-0.5686
0.7199
0.1602
0.1614
-0.1697
0.9122
-1.3469
-0.7016
-0.0065
0.6054
-0.9372
0.2005
1.1087
-0.4009
1.1294
0.4653
-0.9190
0.8669
-0.9165
-0.5489
-0.5106
-1.0916
0.1921
1.5975
-0.6235
-0.2578
1.0686
0.2092
-0.3707
0.0871
0.6442
-0.5326
-0.5219
0.1469
0.8521
-0.0371
-0.2767
-0.4317
0.0727
0.4223
-1.1056
1.3369
-1.1513
1.3622
-0.5308
0.8023
1.7277
-1.6505
-0.3126
-0.0108
1.7160
-1.3782
-0.5495
-0.3508
-0.1337
0.2350
0.2061
0.9041
-0.1368
0.8789
1.1685
-0.3199
-1.3283
0.1046
0.1165
0.4052
-0.6116
1.1407
-0.9041
-0.1026
-0.1722
-1.2557
0.1302
-0.8732
0.3149
0.4998
-0.9875
0.6412
0.4326
-0.2719
-0.8030
0.6777
1.5976
0.9381
-1.2556
0.3186
0.3981
-0.6100
0.0696
-0.4114
0.6892
-0.9724
0.7993
-0.9130
-0.2587
-2.3753
1.7209
1.0459
0.2304
1.6480
0.2831
0.4970
-1.2300
-0.3539
0.0457
1.8606
-0.9290
0.2506
-0.3166
-0.9035
0.2763
-0.0726
-2.0090
0.8873
0.4354
-0.9864
-0.2351
1.4973
-0.5476
0.9017
-1.8020
-0.5328
2.0502
-0.3050
-0.0894
0.1703
0.3509
0.1568
-0.9156
0.5716
1.0727
-0.0088
-0.4654
-1.6248
0.5844
0.1650
-0.6132
-0.5960
1.1867
0.9276
0.0174
-0.6213
1.1434
-1.3655
0.6472
-0.1869
-0.6689
-0.0664
0.4535
-0.6618
0.3118
0.3611
-1.1291
1.1902
0.1617
-1.5638
0.2218
-0.4967
-0.7249
0.7991
-0.5744
-0.1186
1.2369
0.6471
-0.4466
-1.0175
-0.0018
0.7467
-0.0791
-1.2411
0.4644
-0.0436
-0.2716
0.0890
0.6566
0.1818
-0.5711
0.6109
-0.4662
0.3403
-0.2011
-1.2817
1.4304
0.8805
0.1074
0.8385
-0.8481
1.3350
0.3232
-1.0001
-0.3696
-0.8059
-1.2525
0.5607
-0.0018
0.4596
-1.3073
1.8716
-0.4294
0.0606
0.1322
1.5547
-0.4137
0.5453
-1.1630
1.3223
0.2692
-2.2732
0.8747
0.5413
1.6400
-1.2826
-0.8230
1.4835
-0.6800
0.5924
0.0903
-0.1640
0.0807
0.6086
0.4594
0.0241
-0.8063
-0.5211
-1.3787
1.7998
-0.8239
0.5954
-1.5765
1.1135
-1.3317
1.0028
-1.2500
-0.0845
-0.8841
0.8077
0.2366
-1.4093
0.6229
-0.1887
0.7184
1.0226
-0.1913
0.1454
-1.8895
-0.2101
-0.8637
0.0421
0.0806
2.1829
-0.0732
-1.4584
0.5660
-0.3395
-0.0028
0.5029
0.4485
2.0680
-0.9263
-0.7797
0.2228
-0.4426
0.1799
-0.4974
-0.4923
-0.9859
1.1311
-0.2647
-0.3512
0.3037
-0.2552
0.1377
-0.3254
-0.2113
1.2184
-0.0219
0.1791
0.1016
0.4568
-1.0870
1.1220
-1.1082
0.9853
-0.1367
1.1134
-0.0858
-1.3787
-0.9687
1.5361
0.1285
-0.2064
1.0759
-0.7287
1.9716
0.1429
0.0169
-0.3663
-0.0711
-0.6133
0.0793
1.2993
0.5822
-0.3018
-0.5192
-0.3202
0.9009
-2.1784
0.2358
-1.0150
1.1004
-1.2432
-2.1982
-0.6136
0.5056
0.8506
1.0643
0.4376
0.5415
-1.5040
0.9460
-0.6639
-1.4698
0.5750
0.1755
0.2007
-0.7423
1.5593
0.3199
0.1913
0.2884
-0.8339
-0.5680
0.8155
0.6753
-0.1305
-1.5010
0.4620
1.6564
-0.9579
1.1930
-0.3649
-1.7162
0.3791
1.0390
-0.4485
-0.2010
0.0184
1.2980
-0.6212
-0.6952
-0.0931
-0.5981
-0.0155
-0.6963
-0.1022
-0.4249
1.5040
0.6024
0.4275
0.0946
0.5844
-0.5406
-0.9951
0.8545
0.1077
-0.0056
-0.7862
1.1090
-1.2763
0.9219
0.6223
-0.1847
-1.0373
1.2266
-0.2830
0.8689
-1.3292
-0.0300
-0.3620
0.9720
-1.4795
0.4199
1.6927
-0.5349
-1.4455
1.6005
-0.3697
-0.1087
0.1536
-1.6410
2.1104
0.3760
0.6368
-0.8379
0.2881
-0.1154
-0.4138
-0.6437
-0.3998
-0.6042
1.0593
1.0598
-0.1874
-1.0334
0.4083
-1.9078
0.4559
0.7186
0.5465
-0.1016
0.0298
0.0822
-1.4207
0.1052
1.4924
1.4921
-2.5088
-0.1404
0.2980
1.4593
0.2227
-1.3749
-0.3158
-0.4831
-0.3642
1.3039
-0.1792
-0.9115
-1.3119
2.0065
0.2067
-0.3788
-1.6894
1.1039
-0.3807
-0.0350
-0.2122
-0.6373
2.4148
0.5996
-0.5604
-0.9422
0.3380
0.5723
-0.5201
-0.7790
0.6361
-0.8251
0.8472
0.5559
-1.2236
0.9119
0.5799
-1.8893
-0.0025
0.6255
0.7670
-0.4443
0.3950
1.2498
-0.8394
0.7103
-0.3057
0.8548
-0.5120
2.0002
-2.0279
0.3366
0.2144
0.6254
0.1242
-0.3622
0.0609
0.4290
1.0194
0.6091
-0.5951
0.0822
1.4352
-0.5924
-0.6965
-0.5366
1.4568
-1.3564
0.2240
-1.3732
-1.6322
-0.7415
0.7868
-0.4984
-0.5027
1.5239
1.2021
-1.3282
1.3911
-0.5862
1.0719
-0.8491
0.5828
0.1836
-0.8385
-0.3556
0.9186
-0.0795
-1.1311
0.4482
-0.7620
1.1744
-0.5636
1.4690
0.3558
-0.8814
1.0595
-0.6615
0.6629
0.1767
-0.2325
-0.8763
-0.5918
0.7935
-0.5592
0.5101
0.1426
-0.6932
1.0939
0.1013
0.3153
-0.7751
-0.8450
0.5342
-1.6677
2.3122
0.7686
0.1488
-0.6133
-0.1845
0.5442
0.5266
-0.9122
0.2554
-0.4484
-1.3458
0.5417
-0.4736
1.2757
-1.6793
0.9797
-0.5536
-0.1125
1.3826
0.6065
0.0254
0.4965
-0.2818
1.6649
-2.3178
0.3129
0.1815
0.1047
-0.7550
-0.1393
-0.9615
1.6939
-0.5256
0.3995
0.3532
-0.3204
1.7581
