0.1599
-0.2426
-0.6068
2.2204
-0.7924
-1.2507
1.3832
-1.2815
0.1108
0.4442
-0.4161
0.4140
0.5808
1.0727
0.2525
-0.2351
-1.6399
0.9422
0.1939
-0.6745
1.6238
-0.8472
-0.2593
0.0743
-0.5441
0.4237
-0.0241
-1.1952
1.3121
-2.2006
1.3609
0.5539
-0.7240
0.6976
0.2006
0.2129
-0.6783
0.2470
-0.3969
-0.5397
0.4470
1.6554
-2.0121
-0.8019
1.4813
-1.6425
3.2139
-1.5340
-1.4779
2.2898
-1.4024
0.0859
-0.2202
1.0923
-0.0105
0.9179
-1.1543
0.8454
0.0374
-0.7771
-0.7410
1.1776
0.2378
0.2155
-0.0296
-0.4755
0.1809
-0.0001
0.7093
0.0386
-0.9980
0.5046
-0.6785
0.6517
0.3011
0.2357
-1.7325
1.6638
-1.1477
1.3455
0.4390
0.4198
-0.1074
-0.9541
-0.7618
0.8967
0.1811
-1.4284
-1.8251
1.4045
2.5917
-2.9815
1.1009
0.6195
-2.2982
1.0322
1.2910
-0.2236
0.7050
-0.1700
0.2879
-1.3821
-1.6479
2.2983
0.3123
-1.6986
1.7034
-0.2089
-1.2841
-0.6732
1.6023
1.8144
-2.1145
0.3372
0.4077
-0.7585
0.0989
1.1865
-1.9629
0.0076
0.0647
-1.2773
1.6482
-0.4983
1.3296
-0.3354
-0.2662
0.6029
-1.5123
1.9266
-1.7455
-0.3567
0.7970
-0.4847
1.3275
-1.1185
-0.4056
-0.7475
1.7538
-1.2590
-0.3931
1.2369
-0.5051
-0.6865
0.1030
0.4418
0.2136
0.5970
-1.8555
1.9155
-0.2724
0.6345
0.7668
-0.9795
1.2724
-2.9252
1.6890
-1.8061
0.3107
1.5556
-1.4065
0.7656
0.6839
-1.9788
2.3116
-0.9766
-0.4717
-0.6223
1.2954
-0.0039
-0.5978
-0.1763
1.4261
-0.9722
1.2085
-1.6623
0.2074
0.1587
0.3649
-0.7959
-0.0530
0.9408
-1.0961
0.8818
-0.3868
-0.0460
-0.2519
1.5638
-0.5977
-0.4455
-0.1154
-0.0836
0.1124
-0.6763
0.6931
0.1643
1.4878
-1.6056
-0.2032
-0.0206
0.4276
-0.6807
2.0801
-1.0035
-0.9308
1.1647
0.5477
-1.7449
0.3574
0.3135
0.7543
1.3679
-3.0821
1.3538
0.2698
-1.8393
-0.4467
0.4942
0.2016
1.0598
-0.6703
-1.1149
-0.1084
0.9735
0.1004
2.0712
-3.2876
2.3290
0.8134
-1.3978
-0.6399
0.7024
0.2315
0.2422
-0.7805
-0.5382
0.1318
0.0435
0.2352
0.5419
-0.5138
-0.6752
-0.5317
1.4723
-1.1624
0.5053
0.4521
0.9441
-0.1756
0.1527
-1.5893
0.1932
-0.0657
1.7148
-2.9737
1.4045
0.2647
0.5388
-2.2301
1.0418
0.8173
0.5184
-1.5052
-0.5424
0.2518
-0.6201
0.6496
1.8568
-1.9321
-0.7265
-1.2290
1.8750
-2.4349
-0.4574
0.9980
-0.1588
-0.5339
1.0781
0.5318
-0.2298
-0.2638
1.5956
0.5432
-0.8324
0.1306
-0.2788
-0.4649
0.4076
-1.0023
1.2223
0.0923
-0.0290
0.4092
0.7591
0.1619
0.3619
-0.6198
-0.3683
0.5471
-1.2373
0.2196
0.6018
1.4290
-0.2349
-1.1380
-0.8262
0.2582
1.5469
-1.2226
0.0614
-0.0279
-0.0957
-1.3529
1.5085
0.0849
-0.4375
0.3174
-0.7257
1.4530
-0.8389
0.1659
-1.3672
-0.2828
1.2951
0.7768
-0.1660
-1.2389
1.6109
-0.2656
-0.9349
0.2474
0.4919
-0.7223
0.1112
1.5079
-0.8576
1.4576
-0.3718
-0.3466
-0.4428
-1.5876
2.4997
-1.5708
0.8365
0.6553
0.7025
-0.1270
-0.9408
0.1822
-0.4736
0.4943
0.7063
-1.9659
1.0724
-0.6548
-0.1841
1.0156
0.7750
-0.7561
0.5714
-1.3123
-1.2494
0.5345
0.3744
1.0048
-1.5140
0.3917
0.9484
-0.1617
-0.3689
0.8638
-0.1068
0.7186
0.1382
0.2576
-0.9420
-1.9383
1.6938
-0.4768
-0.6570
0.2128
0.0266
-0.5413
1.1127
-0.5062
-2.0932
0.7219
0.1568
0.6154
-0.5916
-0.2340
1.0156
-0.5134
0.2296
-0.8834
0.3705
-1.2716
0.9653
1.8238
0.4987
0.2175
0.1786
-0.3082
-1.6650
2.0671
-1.2941
-0.7090
1.7561
-0.6037
-1.9424
0.4196
-0.2619
0.7253
-1.4386
0.1177
-0.3546
0.7564
1.0441
-0.4374
0.1773
-0.2261
0.8626
0.2613
-0.2027
0.6652
-1.2865
-0.2653
0.9135
-1.7501
1.3592
0.1502
-0.8872
-0.4255
-1.3691
2.0344
-0.7255
-0.1679
1.0472
-0.7271
0.2088
-0.7902
-0.1298
-0.3427
0.0512
1.5846
-1.4546
-0.1138
-1.1240
1.9334
-1.0735
1.1080
0.0538
0.6471
-1.1615
1.0918
-0.9738
0.1150
-0.2530
-0.3503
-0.5964
1.0807
-0.1895
1.6557
-0.3808
0.5062
-1.0169
0.7779
-0.4335
-0.3964
0.2833
0.3378
0.3717
-1.0008
-0.7950
1.1728
-1.1247
-0.0455
0.7581
-0.0538
-0.6424
0.8046
0.4496
-0.1550
0.3859
-0.4110
1.4321
0.0345
-0.2023
0.5574
0.1553
-0.4969
0.2669
-1.5203
1.4932
-0.7300
-0.0112
0.7525
-1.0882
-1.5359
1.2063
1.7969
-1.9549
1.3918
0.4861
-0.2484
0.9709
-0.7524
0.7379
-1.9494
1.2659
-0.9551
0.6515
-2.6198
1.5257
0.6994
-0.1721
-1.0491
0.4201
2.0610
-0.2181
-1.6426
-0.4686
1.9990
-0.6957
-0.8033
-0.4657
1.5243
-1.3882
-0.0837
1.8137
-2.0640
1.4641
-0.3728
-0.1450
0.5942
0.1209
-0.4879
-0.1302
-0.2613
-1.0096
-0.0000
0.7078
-0.6376
2.6253
-2.5815
-0.0538
-0.5079
0.1058
1.6272
0.7521
0.6422
0.0583
-0.1444
-2.5930
1.5083
-1.0237
0.2203
0.3956
-0.2352
0.6100
-1.8577
1.2007
0.1381
0.7113
-0.3155
0.6787
0.0305
-0.6561
0.8305
0.1354
0.2003
-1.2495
-1.1154
0.2017
0.7426
1.1856
-0.7135
-0.5357
0.8309
-0.2070
-0.8709
0.2402
0.4430
2.0319
-1.9604
-1.2849
0.4303
0.6936
-0.2372
-1.3381
2.5294
-1.1512
-1.0871
-0.6262
1.2501
-0.1470
1.0627
-1.0134
0.7116
0.3682
1.7410
-1.2484
-0.6287
0.6773
1.1997
0.2363
-1.1297
-0.7935
0.2378
1.4223
-0.8499
0.2391
1.1409
-1.1894
0.1514
-0.6704
0.2308
0.2120
0.4109
-1.1220
1.6267
-0.9056
0.2305
-0.7374
0.2370
1.2407
-0.6664
0.5803
-0.5241
-0.1824
-2.3744
1.8002
1.3694
-1.5849
-0.5982
0.8065
0.8718
-1.5916
0.8155
-0.7223
1.1508
-1.6034
0.0260
0.5193
0.0079
0.0419
0.5532
-0.1454
0.9341
0.1268
-0.6021
0.5752
0.3257
-2.0583
0.4171
0.0047
-0.6213
0.6584
-1.4279
-1.2785
1.9390
0.7037
0.2463
-1.2206
0.5726
-0.6204
-0.7038
0.2315
0.0236
0.2165
0.3195
0.1321
0.7993
0.5980
-1.9115
-0.1590
-0.6383
0.5941
1.3948
-0.6325
-0.5594
2.0269
-0.6568
-0.4946
-0.4863
1.0100
-0.6917
-0.3467
1.6268
-1.0477
0.2278
-0.1617
-0.8275
1.3182
0.6270
-0.3022
-0.4079
0.7344
-0.5030
0.2706
-0.1985
-1.4073
0.9745
-1.1947
-0.0036
0.4295
0.1467
-0.3003
1.4784
-1.4316
0.5817
1.0229
-2.3119
0.7591
-0.8974
1.0350
1.0180
-0.9923
-0.2268
0.8439
0.2935
-1.9146
1.4948
0.1287
-1.4459
1.6509
-1.3573
0.0357
-0.0102
-0.0445
1.4425
-1.0699
0.7851
-1.1207
-0.3889
0.9423
0.0206
-1.5501
0.2520
1.3467
-0.0273
-0.0822
-0.4327
-0.1863
0.6067
1.3730
-0.5120
-0.7706
-0.4708
-0.6313
0.2970
0.2355
0.7990
1.1926
-0.1096
-1.1353
1.7250
-0.8408
-0.1818
-1.2129
-1.0222
1.4876
1.7666
-1.1012
-1.4103
0.8154
-0.1765
-0.3695
1.2440
-0.0239
-1.7273
1.0344
0.1763
-1.0519
0.6303
-0.6589
0.2218
-0.2690
0.6510
-0.9690
0.3832
0.3322
-0.0547
0.4204
-0.8697
-1.3301
1.7075
-0.0181
0.5575
0.2902
0.2974
1.9180
-1.1576
-1.0245
1.2978
-1.0335
0.4803
0.4651
-1.3082
1.9838
-0.7620
-0.8293
-0.4293
0.6163
-0.0252
-0.5868
0.2871
-0.4173
0.6494
0.3901
-1.2752
0.3798
0.7551
-1.2134
1.4916
-0.0899
-1.0175
0.4812
0.6365
1.4038
-0.8132
-0.5160
0.0385
-0.4343
-0.6989
1.3663
-0.0309
-0.6402
1.0277
-1.3604
0.7434
-0.0181
-0.3650
-0.0229
-0.3693
1.8477
-0.7448
-0.4806
-0.2950
0.2086
-0.0037
-0.1674
-0.3096
-0.0232
0.5583
-0.2632
-1.3367
1.8269
-0.4200
-1.6614
0.5423
0.5957
-0.2293
0.0006
0.2780
-0.0331
-1.3226
1.8147
-0.8171
-0.1253
0.0838
0.4095
-2.0445
0.0699
2.4685
-0.9251
-1.0140
1.6754
-1.4999
0.6694
0.9256
-0.5402
-1.4103
2.0964
0.2046
-2.0904
0.7778
-0.3493
0.4533
0.6850
-0.2939
0.3737
0.6324
-1.8401
0.7823
0.4939
0.6316
-0.7632
1.2066
-0.5481
-0.0335
-0.7662
0.6303
-0.7938
-0.8849
1.3728
0.5632
-0.7994
0.3115
-1.2561
0.5499
0.1433
0.9769
-1.9558
0.7745
0.4732
-1.0810
1.5170
-1.0145
0.3890
-0.9667
-0.2126
1.2553
0.0231
0.6339
-1.8483
0.6893
0.2527
-0.5327
2.1617
-0.7200
-1.5235
1.1404
0.5036
-1.2804
0.8886
-0.8472
0.8084
-1.2523
-0.0887
0.2689
0.9905
-1.6015
-0.1823
1.9983
0.0885
-1.2912
1.0631
-0.3222
-1.4834
1.0899
0.1862
-0.1225
-0.3951
0.0127
-0.1241
-0.0642
-0.8128
1.0952
-0.2024
-0.4909
0.1978
1.2743
-1.0227
0.8114
0.5302
-0.3844
-1.0037
1.1582
0.5777
0.9842
-1.3520
-0.6024
0.1882
-1.2322
-0.9697
0.7110
0.7706
0.2109
1.5260
-0.3428
-0.3752
0.2395
-0.1611
0.6654
0.4595
-1.5027
-1.3432
1.6328
-0.8487
-0.0147
-0.0715
1.3335
-2.1224
0.8249
0.3883
-0.1017
0.1408
-0.0085
0.4329
-0.0179
-0.6306
0.7061
-1.2281
0.1419
1.8534
-0.7891
-1.3183
1.3694
-1.2813
0.2266
1.1058
-0.1437
0.5125
-0.7230
-0.0647
2.1687
-0.7991
-1.2474
0.0441
-0.0550
1.2071
0.5086
-1.7957
0.4160
0.2242
1.0838
0.1094
-0.3978
0.4359
1.3498
-1.0055
-0.1951
-1.2186
